10980916385,0
10980916383,0
10980916391,0
10980916386,0
10980916387,0
10980916385,0
10980916391,0
10980916383,0
10980916386,0
10980916387,0
10980916385,0
10980916391,0
10980916383,0
10980916386,0
10980916387,0
10980916405,0
10980916406,0
10980916408,0
10980916413,0
10980916414,0
10980916415,0
10980916416,0
10980916417,0
10980916420,0
10980916407,0
10980916410,0
10980916419,0
10980916406,0
10980916413,0
10980916416,0
10980916420,0
10980916408,0
10980916414,0
10980916417,0
10980916405,0
10980916415,0
10980916410,0
10980916407,0
10980916419,0
10980916406,0
10980916413,0
10980916416,0
10980916420,0
10980916408,0
10980916414,0
10980916417,0
10980916405,0
10980916415,0
10980916410,0
10980916407,0
10980916419,0
10980916406,0
10980916413,0
10980916416,0
10980916420,0
10980916408,0
10980916414,0
10980916417,0
10980916405,0
10980916415,0
10980916407,0
10980916410,0
10980916419,0
10980916406,0
10980916413,0
10980916416,0
10980916420,0
10980916408,0
10980916414,0
10980916417,0
10980916405,0
10980916415,0
10980916407,0
10980916410,0
10980916419,0
10980916406,0
10980916413,0
10980916416,0
10980916420,0
10980916423,0
10980916423,0
10980916425,0
10980916425,0
10980916426,0
10980916426,0
10980916426,0
10980916426,0
10980916426,0
10980916430,0
10980916430,0
10980916430,0
10980916430,0
10980916430,0
10980916434,0
10980916433,0
10980916435,0
10980916434,0
10980916433,0
10980916435,0
10980916434,0
10980916433,0
10980916435,0
10980916434,0
10980916433,0
10980916435,0
10980916434,0
10980916433,0
10980916435,0
10980916434,0
10980916460,0
10980916460,0
10980916460,0
10980916460,0
10980916460,0
10980916461,0
10980916461,0
10980916461,0
10980916461,0
10980916461,0
10980916461,0
10980916462,0
10980916462,0
10980916462,0
10980916462,0
10980916462,0
10980916462,0
10980916463,0
10980916463,0
10980916463,0
10980916463,0
10980916463,0
10980916463,0
10980916464,0
10980916464,0
10980916464,0
10980916464,0
10980916464,0
10980916464,0
10980916465,0
10980916465,0
10980916465,0
10980916465,0
10980916465,0
10980916465,0
10980916454,0
10980916454,0
10980916454,0
10980916454,0
10980916454,0
10980916455,0
10980916455,0
10980916455,0
10980916455,0
10980916455,0
10980916456,0
10980916456,0
10980916456,0
10980916456,0
10980916456,0
10980916457,0
10980916457,0
10980916457,0
10980916457,0
10980916457,0
10980916428,0
10980916428,0
10980916428,0
10980916428,0
10980916428,0
10980916427,0
10980916427,0
10980916427,0
10980916427,0
10980916427,0
10980916466,0
10980916411,0
10980916466,0
10980916411,0
10980916466,0
10980916411,0
10980916466,0
10980916411,0
10980916466,0
10980916411,0
10980916372,0
10980916425,0
10980916423,0
10980916459,0
10980916418,0
10980916394,0
10980916409,0
10980916371,0
10980916396,0
10980916372,0
10980916425,0
10980916418,0
10980916459,0
10980916423,0
10980916394,0
10980916409,0
10980916371,0
10980916396,0
10980916372,0
10980916425,0
10980916418,0
10980916459,0
10980916423,0
10980916394,0
10980916409,0
10980916371,0
10980916396,0
10980916372,0
10980916425,0
10980916418,0
10980916394,0
10980916409,0
10980916371,0
10980916396,0
10980916372,0
10980916418,0
10980916394,0
10980916409,0
10980916371,0
10980916396,0
10980916372,0
10980916467,0
10980916383,0
10980916385,0
10980916386,0
10980916387,0
10980916391,0
10980916385,0
10980916391,0
10980916383,0
10980916386,0
10980916387,0
10980916385,0
10980916391,0
10980916383,0
10980916386,0
10980916387,0
10980916385,0
10980916391,0
10980916383,0
10980916386,0
10980916387,0
10980916385,0
10980916391,0
10980916383,0
10980916386,0
10980916387,0
10980916385,0
10980916410,0
10980916405,0
10980916407,0
10980916408,0
10980916414,0
10980916415,0
10980916417,0
10980916419,0
10980916406,0
10980916413,0
10980916416,0
10980916420,0
10980916408,0
10980916414,0
10980916417,0
10980916405,0
10980916415,0
10980916407,0
10980916410,0
10980916419,0
10980916406,0
10980916413,0
10980916416,0
10980916420,0
10980916408,0
10980916414,0
10980916417,0
10980916405,0
10980916415,0
10980916410,0
10980916407,0
10980916419,0
10980916468,0
10980916413,0
10980916416,0
10980916420,0
10980916408,0
10980916414,0
10980916417,0
10980916405,0
10980916415,0
10980916410,0
10980916407,0
10980916419,0
10980916468,0
10980916413,0
10980916416,0
10980916420,0
10980916408,0
10980916414,0
10980916417,0
10980916405,0
10980916415,0
10980916410,0
10980916407,0
10980916419,0
10980916468,0
10980916413,0
10980916416,0
10980916420,0
10980916408,0
10980916414,0
10980916417,0
10980916423,0
10980916423,0
10980916425,0
10980916426,0
10980916426,0
10980916426,0
10980916426,0
10980916426,0
10980916426,0
10980916430,0
10980916430,0
10980916430,0
10980916430,0
10980916430,0
10980916425,0
10980916433,0
10980916435,0
10980916434,0
10980916433,0
10980916435,0
10980916434,0
10980916433,0
10980916435,0
10980916434,0
10980916433,0
10980916435,0
10980916434,0
10980916433,0
10980916435,0
10980916434,0
10980916469,0
10980916470,0
10980916470,0
10980916470,0
10980916470,0
10980916471,0
10980916471,0
10980916471,0
10980916471,0
10980916471,0
10980916471,0
10980916472,0
10980916472,0
10980916472,0
10980916472,0
10980916472,0
10980916472,0
10980916473,0
10980916474,0
10980916474,0
10980916474,0
10980916474,0
10980916474,0
10980916475,0
10980916475,0
10980916475,0
10980916475,0
10980916475,0
10980916475,0
10980916476,0
10980916476,0
10980916476,0
10980916476,0
10980916476,0
10980916476,0
10980916454,0
10980916454,0
10980916454,0
10980916454,0
10980916454,0
10980916455,0
10980916455,0
10980916455,0
10980916455,0
10980916455,0
10980916456,0
10980916456,0
10980916456,0
10980916456,0
10980916456,0
10980916457,0
10980916457,0
10980916457,0
10980916457,0
10980916457,0
10980916428,0
10980916477,0
10980916428,0
10980916428,0
10980916428,0
10980916427,0
10980916427,0
10980916427,0
10980916427,0
10980916427,0
10980916466,0
10980916411,0
10980916466,0
10980916411,0
10980916466,0
10980916411,0
10980916466,0
10980916411,0
10980916466,0
10980916411,0
10980916394,0
10980916409,0
10980916423,0
10980916459,0
10980916371,0
10980916396,0
10980916372,0
10980916425,0
10980916467,0
10980916459,0
10980916423,0
10980916478,0
10980916409,0
10980916371,0
10980916396,0
10980916372,0
10980916425,0
10980916467,0
10980916459,0
10980916479,0
10980916478,0
10980916409,0
10980916371,0
10980916396,0
10980916372,0
10980916425,0
10980916467,0
10980916459,0
10980916479,0
10980916478,0
10980916409,0
10980916371,0
10980916396,0
10980916372,0
10980916467,0
10980916478,0
10980916409,0
10980916371,0
10980916396,0
10980916372,0
10980916467,0
10980916383,0
10980916386,0
10980916387,0
10980916385,0
10980916391,0
10980916391,0
10980916383,0
10980916386,0
10980916387,0
10980916385,0
10980916383,0
10980916391,0
10980916386,0
10980916387,0
10980916385,0
10980916391,0
10980916480,0
10980916386,0
10980916387,0
10980916385,0
10980916391,0
10980916480,0
10980916386,0
10980916387,0
10980916385,0
10980916391,0
10980916480,0
10980916410,0
10980916405,0
10980916468,0
10980916407,0
10980916413,0
10980916415,0
10980916416,0
10980916419,0
10980916420,0
10980916408,0
10980916414,0
10980916417,0
10980916405,0
10980916415,0
10980916410,0
10980916407,0
10980916419,0
10980916468,0
10980916413,0
10980916416,0
10980916420,0
10980916408,0
10980916414,0
10980916417,0
10980916405,0
10980916415,0
10980916410,0
10980916407,0
10980916419,0
10980916468,0
10980916413,0
10980916416,0
10980916420,0
10980916408,0
10980916414,0
10980916417,0
10980916405,0
10980916415,0
10980916410,0
10980916407,0
10980916419,0
10980916468,0
10980916413,0
10980916416,0
10980916420,0
10980916408,0
10980916414,0
10980916417,0
10980916405,0
10980916415,0
10980916410,0
10980916407,0
10980916419,0
10980916468,0
10980916413,0
10980916416,0
10980916420,0
10980916408,0
10980916414,0
10980916417,0
10980916405,0
10980916415,0
10980916479,0
10980916425,0
10980916425,0
10980916426,0
10980916426,0
10980916426,0
10980916426,0
10980916426,0
10980916457,0
10980916430,0
10980916430,0
10980916430,0
10980916430,0
10980916430,0
10980916479,0
10980916433,0
10980916434,0
10980916435,0
10980916433,0
10980916435,0
10980916434,0
10980916433,0
10980916435,0
10980916434,0
10980916433,0
10980916435,0
10980916434,0
10980916433,0
10980916435,0
10980916434,0
10980916481,0
10980916481,0
10980916481,0
10980916481,0
10980916481,0
10980916482,0
10980916482,0
10980916482,0
10980916482,0
10980916482,0
10980916482,0
10980916483,0
10980916483,0
10980916483,0
10980916484,0
10980916484,0
10980916484,0
10980916485,0
10980916485,0
10980916485,0
10980916485,0
10980916485,0
10980916485,0
68179699905,0
68179699905,0
68179699905,0
68179699905,0
68179699905,0
68179699905,0
68179699906,0
68179699906,0
68179699906,0
68179699906,0
68179699906,0
68179699906,0
10980916454,0
10980916454,0
10980916454,0
10980916454,0
10980916454,0
10980916454,0
10980916455,0
10980916455,0
10980916455,0
10980916455,0
10980916455,0
10980916455,0
10980916456,0
10980916456,0
10980916456,0
10980916456,0
10980916456,0
10980916457,0
10980916457,0
10980916457,0
10980916457,0
10980916457,0
10980916477,0
10980916477,0
10980916477,0
10980916477,0
10980916477,0
10980916427,0
10980916427,0
10980916427,0
10980916427,0
10980916427,0
10980916427,0
10980916466,0
10980916411,0
10980916466,0
10980916411,0
10980916466,0
10980916411,0
10980916466,0
10980916411,0
10980916466,0
10980916411,0
10980916466,0
10980916411,0
10980916372,0
10980916478,0
10980916425,0
10980916409,0
10980916459,0
10980916467,0
10980916371,0
10980916396,0
10980916479,0
10980916459,0
10980916478,0
10980916409,0
10980916371,0
10980916396,0
10980916372,0
10980916425,0
10980916467,0
10980916459,0
10980916479,0
10980916478,0
10980916409,0
10980916371,0
10980916396,0
10980916372,0
10980916425,0
10980916467,0
10980916479,0
10980916459,0
10980916478,0
10980916409,0
10980916371,0
10980916396,0
10980916372,0
10980916467,0
10980916478,0
10980916409,0
10980916371,0
10980916396,0
10980916372,0
10980916467,0
10980916385,0
10980916386,0
10980916387,0
10980916480,0
10980916391,0
10980916386,0
10980916387,0
10980916385,0
10980916480,0
10980916391,0
10980916386,0
10980916387,0
10980916385,0
10980916391,0
10980916480,0
10980916386,0
10980916387,0
10980916385,0
10980916391,0
10980916480,0
10980916386,0
10980916387,0
10980916385,0
10980916391,0
10980916480,0
10980916410,0
10980916468,0
10980916407,0
10980916408,0
10980916413,0
10980916414,0
10980916416,0
10980916417,0
10980916419,0
10980916420,0
10980916405,0
10980916415,0
10980916410,0
10980916407,0
10980916419,0
10980916468,0
10980916413,0
10980916416,0
10980916420,0
10980916408,0
10980916414,0
10980916417,0
10980916405,0
10980916415,0
10980916410,0
10980916407,0
10980916419,0
10980916468,0
68179699907,0
10980916416,0
10980916420,0
10980916408,0
10980916414,0
10980916417,0
10980916405,0
10980916415,0
10980916410,0
10980916407,0
10980916419,0
10980916468,0
68179699907,0
10980916416,0
10980916420,0
10980916408,0
10980916414,0
10980916417,0
10980916405,0
10980916415,0
10980916410,0
10980916407,0
10980916419,0
10980916468,0
68179699907,0
10980916416,0
10980916420,0
10980916408,0
10980916414,0
10980916417,0
10980916405,0
10980916415,0
10980916410,0
10980916407,0
10980916419,0
10980916479,0
10980916479,0
10980916425,0
10980916425,0
10980916426,0
10980916426,0
10980916426,0
10980916426,0
10980916426,0
10980916477,0
10980916430,0
10980916430,0
10980916430,0
10980916430,0
10980916430,0
10980916430,0
10980916433,0
10980916434,0
10980916435,0
10980916433,0
10980916435,0
10980916434,0
10980916433,0
10980916435,0
10980916434,0
10980916433,0
10980916435,0
10980916434,0
10980916433,0
10980916435,0
10980916434,0
10980916433,0
10980916435,0
68179699908,0
68179699908,0
68179699908,0
68179699908,0
68179699908,0
68179699909,0
68179699909,0
68179699909,0
68179699909,0
68179699909,0
68179699909,0
68179699910,0
68179699910,0
68179699910,0
68179699910,0
68179699910,0
68179699910,0
68179699911,0
68179699911,0
68179699911,0
68179699911,0
68179699911,0
68179699911,0
68179699912,0
68179699912,0
68179699912,0
68179699912,0
68179699912,0
68179699912,0
68179699913,0
68179699913,0
68179699913,0
68179699913,0
68179699913,0
68179699913,0
10980916454,0
10980916454,0
10980916454,0
10980916454,0
10980916454,0
68179699914,0
68179699914,0
68179699914,0
68179699914,0
68179699914,0
10980916456,0
10980916456,0
10980916456,0
10980916456,0
10980916456,0
10980916457,0
10980916457,0
10980916457,0
10980916457,0
10980916457,0
10980916477,0
10980916477,0
10980916477,0
10980916477,0
10980916477,0
10980916427,0
10980916427,0
10980916427,0
10980916427,0
68179699915,0
10980916466,0
10980916411,0
10980916466,0
10980916411,0
10980916466,0
10980916411,0
10980916466,0
10980916411,0
10980916466,0
10980916411,0
10980916456,0
10980916372,0
10980916478,0
10980916425,0
10980916479,0
10980916409,0
10980916459,0
10980916467,0
10980916371,0
10980916396,0
10980916478,0
10980916409,0
10980916371,0
10980916396,0
10980916372,0
10980916425,0
10980916467,0
10980916459,0
10980916479,0
10980916478,0
10980916409,0
10980916371,0
10980916396,0
10980916372,0
10980916425,0
10980916467,0
10980916479,0
68179699916,0
10980916478,0
10980916409,0
10980916371,0
10980916396,0
10980916372,0
10980916425,0
10980916467,0
10980916478,0
10980916409,0
10980916371,0
10980916396,0
10980916372,0
10980916467,0
10980916478,0
10980916409,0
10980916371,0
10980916396,0
10980916480,0
10980916385,0
10980916386,0
10980916387,0
10980916391,0
10980916386,0
10980916387,0
10980916385,0
10980916391,0
10980916480,0
10980916386,0
10980916387,0
10980916385,0
10980916391,0
10980916480,0
10980916386,0
10980916387,0
10980916385,0
10980916391,0
10980916480,0
10980916386,0
10980916387,0
10980916385,0
10980916391,0
10980916480,0
10980916386,0
10980916387,0
10980916405,0
10980916468,0
68179699917,0
68179699907,0
10980916414,0
10980916415,0
10980916416,0
10980916417,0
10980916420,0
10980916410,0
10980916407,0
10980916419,0
10980916468,0
68179699907,0
10980916416,0
10980916420,0
68179699917,0
10980916414,0
10980916417,0
10980916405,0
10980916415,0
10980916407,0
10980916410,0
10980916419,0
10980916468,0
68179699907,0
10980916416,0
10980916420,0
68179699917,0
10980916414,0
10980916417,0
10980916405,0
10980916415,0
10980916410,0
10980916407,0
10980916419,0
10980916468,0
68179699907,0
10980916416,0
10980916420,0
68179699917,0
10980916414,0
10980916417,0
10980916405,0
10980916415,0
10980916410,0
10980916407,0
10980916419,0
10980916468,0
68179699907,0
10980916416,0
10980916420,0
68179699917,0
10980916414,0
10980916417,0
10980916405,0
10980916415,0
10980916410,0
10980916407,0
10980916419,0
10980916468,0
68179699907,0
10980916416,0
10980916420,0
10980916479,0
10980916479,0
10980916425,0
10980916426,0
10980916426,0
10980916426,0
10980916426,0
10980916426,0
10980916430,0
10980916430,0
10980916430,0
10980916430,0
68179699918,0
10980916434,0
10980916433,0
10980916435,0
10980916434,0
10980916433,0
10980916435,0
10980916434,0
10980916433,0
10980916435,0
10980916434,0
10980916433,0
10980916435,0
10980916434,0
10980916433,0
10980916435,0
10980916434,0
68179699919,0
68179699919,0
68179699919,0
68179699919,0
68179699919,0
68179699920,0
68179699921,0
68179699921,0
68179699921,0
68179699921,0
68179699921,0
68179699922,0
68179699922,0
68179699922,0
68179699922,0
68179699922,0
68179699922,0
68179699923,0
68179699923,0
68179699923,0
68179699923,0
68179699923,0
68179699923,0
68179699924,0
68179699924,0
68179699924,0
68179699924,0
68179699924,0
68179699924,0
68179699925,0
68179699925,0
68179699925,0
68179699925,0
68179699925,0
68179699925,0
10980916454,0
10980916454,0
10980916454,0
10980916454,0
10980916454,0
68179699914,0
68179699914,0
68179699914,0
68179699914,0
68179699914,0
10980916456,0
10980916456,0
10980916456,0
10980916456,0
10980916456,0
10980916457,0
10980916457,0
10980916457,0
10980916457,0
10980916457,0
10980916477,0
10980916477,0
10980916477,0
10980916477,0
10980916477,0
68179699915,0
68179699915,0
68179699915,0
68179699915,0
68179699915,0
10980916466,0
10980916411,0
10980916466,0
10980916411,0
10980916466,0
10980916411,0
10980916466,0
10980916411,0
10980916466,0
10980916411,0
10980916372,0
10980916425,0
10980916479,0
68179699916,0
10980916467,0
10980916478,0
10980916409,0
10980916371,0
10980916396,0
10980916372,0
10980916425,0
10980916467,0
10980916479,0
68179699916,0
10980916478,0
10980916409,0
10980916371,0
10980916396,0
10980916372,0
10980916425,0
10980916467,0
68179699916,0
10980916479,0
10980916478,0
10980916409,0
10980916371,0
10980916396,0
10980916372,0
10980916425,0
10980916467,0
68179699916,0
10980916479,0
10980916478,0
10980916409,0
10980916371,0
10980916396,0
10980916372,0
10980916467,0
10980916478,0
10980916409,0
10980916371,0
10980916396,0
10980916372,0
10980916467,0
10980916480,0
10980916385,0
10980916386,0
10980916387,0
10980916385,0
10980916391,0
10980916391,0
10980916480,0
10980916386,0
10980916387,0
68179699926,0
10980916391,0
10980916480,0
10980916386,0
10980916387,0
68179699926,0
10980916391,0
10980916480,0
10980916386,0
10980916387,0
68179699926,0
10980916391,0
10980916480,0
10980916386,0
10980916387,0
68179699926,0
10980916405,0
10980916407,0
68179699917,0
10980916410,0
10980916414,0
10980916415,0
10980916417,0
10980916419,0
10980916468,0
68179699907,0
10980916416,0
10980916420,0
68179699917,0
10980916414,0
10980916417,0
10980916405,0
10980916415,0
10980916410,0
10980916407,0
10980916419,0
10980916468,0
68179699907,0
10980916416,0
10980916420,0
68179699917,0
10980916414,0
10980916417,0
10980916405,0
10980916415,0
10980916410,0
10980916407,0
10980916419,0
10980916468,0
68179699907,0
68179699927,0
10980916420,0
68179699917,0
10980916414,0
10980916417,0
10980916405,0
10980916415,0
10980916407,0
10980916410,0
10980916419,0
10980916468,0
68179699907,0
68179699927,0
10980916420,0
68179699917,0
10980916414,0
10980916417,0
10980916405,0
10980916415,0
10980916407,0
10980916410,0
10980916419,0
10980916468,0
68179699907,0
68179699927,0
10980916420,0
68179699917,0
68179699928,0
10980916417,0
10980916479,0
10980916425,0
10980916426,0
10980916426,0
10980916426,0
10980916426,0
10980916426,0
10980916426,0
68179699918,0
68179699918,0
68179699918,0
68179699918,0
68179699918,0
10980916425,0
10980916433,0
10980916435,0
10980916434,0
10980916433,0
10980916435,0
10980916434,0
10980916433,0
10980916435,0
10980916434,0
10980916433,0
10980916435,0
10980916434,0
10980916433,0
10980916435,0
10980916434,0
68179699929,0
68179699929,0
68179699929,0
68179699929,0
68179699929,0
68179699930,0
68179699930,0
68179699930,0
68179699930,0
68179699930,0
68179699930,0
68179699931,0
68179699931,0
68179699931,0
68179699931,0
68179699931,0
68179699931,0
68179699932,0
68179699932,0
68179699932,0
68179699932,0
68179699932,0
68179699932,0
68179699933,0
68179699933,0
68179699933,0
68179699933,0
68179699933,0
68179699933,0
68179699934,0
68179699934,0
68179699934,0
68179699934,0
68179699934,0
68179699934,0
10980916454,0
10980916454,0
10980916454,0
10980916454,0
10980916454,0
68179699914,0
68179699914,0
68179699914,0
68179699914,0
68179699914,0
10980916456,0
10980916456,0
10980916456,0
10980916456,0
10980916456,0
10980916457,0
10980916457,0
10980916457,0
10980916457,0
10980916457,0
10980916477,0
10980916477,0
10980916477,0
10980916477,0
10980916477,0
68179699915,0
68179699915,0
68179699915,0
68179699915,0
68179699915,0
10980916466,0
10980916411,0
10980916466,0
10980916411,0
10980916466,0
10980916411,0
10980916466,0
10980916411,0
10980916466,0
10980916411,0
10980916478,0
10980916479,0
10980916409,0
68179699916,0
10980916371,0
10980916396,0
68179699935,0
10980916425,0
10980916467,0
68179699916,0
10980916479,0
10980916478,0
10980916409,0
10980916371,0
10980916396,0
68179699935,0
10980916425,0
10980916467,0
68179699916,0
10980916479,0
10980916478,0
10980916409,0
10980916371,0
10980916396,0
68179699935,0
10980916425,0
10980916467,0
68179699916,0
10980916479,0
10980916478,0
10980916409,0
10980916371,0
10980916396,0
68179699935,0
10980916467,0
10980916478,0
10980916409,0
10980916371,0
10980916396,0
68179699935,0
10980916467,0
10980916480,0
10980916386,0
10980916387,0
68179699926,0
10980916480,0
10980916391,0
10980916386,0
10980916387,0
68179699926,0
10980916480,0
10980916391,0
10980916386,0
10980916387,0
68179699926,0
68179699936,0
10980916480,0
10980916386,0
10980916387,0
68179699926,0
68179699936,0
10980916480,0
10980916386,0
68179699937,0
68179699926,0
68179699936,0
10980916480,0
10980916391,0
10980916410,0
10980916405,0
10980916468,0
10980916407,0
68179699907,0
10980916415,0
68179699927,0
10980916419,0
10980916420,0
68179699917,0
68179699928,0
10980916417,0
10980916405,0
10980916415,0
10980916410,0
10980916407,0
10980916419,0
10980916468,0
68179699907,0
68179699927,0
10980916420,0
68179699917,0
68179699928,0
10980916417,0
10980916405,0
10980916415,0
10980916410,0
10980916407,0
10980916419,0
10980916468,0
68179699907,0
68179699927,0
10980916420,0
68179699917,0
68179699928,0
10980916417,0
10980916405,0
10980916415,0
10980916410,0
10980916407,0
10980916419,0
10980916468,0
68179699907,0
68179699927,0
10980916420,0
68179699917,0
68179699928,0
10980916417,0
10980916405,0
10980916415,0
10980916410,0
10980916407,0
10980916419,0
10980916468,0
68179699907,0
68179699927,0
10980916420,0
68179699917,0
68179699928,0
10980916417,0
10980916405,0
10980916415,0
10980916479,0
10980916425,0
10980916425,0
10980916426,0
10980916426,0
10980916426,0
10980916426,0
10980916426,0
10980916457,0
68179699918,0
68179699918,0
68179699918,0
68179699918,0
68179699918,0
10980916479,0
10980916433,0
10980916434,0
10980916435,0
10980916433,0
10980916435,0
10980916434,0
10980916433,0
10980916435,0
10980916434,0
10980916433,0
10980916435,0
10980916434,0
10980916433,0
10980916435,0
68179699938,0
68179699939,0
68179699939,0
68179699939,0
68179699939,0
68179699939,0
68179699940,0
68179699940,0
68179699940,0
68179699940,0
68179699940,0
68179699940,0
68179699941,0
68179699941,0
68179699941,0
68179699941,0
68179699941,0
68179699941,0
68179699942,0
68179699942,0
68179699942,0
68179699942,0
68179699942,0
68179699942,0
68179699943,0
68179699943,0
68179699943,0
68179699943,0
68179699943,0
68179699943,0
68179699944,0
68179699944,0
68179699944,0
68179699944,0
68179699944,0
68179699944,0
10980916454,0
10980916454,0
10980916454,0
10980916454,0
10980916454,0
10980916454,0
68179699914,0
68179699914,0
68179699914,0
68179699914,0
68179699914,0
68179699914,0
10980916456,0
10980916456,0
10980916456,0
10980916456,0
10980916456,0
10980916457,0
10980916457,0
10980916457,0
10980916457,0
10980916457,0
10980916477,0
10980916477,0
10980916477,0
10980916477,0
10980916477,0
68179699915,0
68179699915,0
68179699915,0
68179699915,0
68179699915,0
68179699915,0
10980916466,0
10980916411,0
10980916466,0
10980916411,0
10980916466,0
10980916411,0
10980916466,0
10980916411,0
10980916466,0
10980916411,0
10980916466,0
10980916411,0
68179699935,0
10980916478,0
10980916425,0
10980916409,0
68179699916,0
10980916467,0
10980916371,0
10980916396,0
68179699916,0
10980916479,0
10980916478,0
10980916409,0
10980916371,0
10980916396,0
68179699935,0
10980916425,0
10980916467,0
68179699916,0
10980916479,0
10980916478,0
10980916409,0
10980916371,0
10980916396,0
68179699935,0
10980916425,0
10980916467,0
10980916479,0
68179699916,0
10980916478,0
10980916409,0
10980916371,0
10980916396,0
68179699935,0
10980916467,0
10980916478,0
10980916409,0
10980916371,0
10980916396,0
68179699935,0
10980916467,0
68179699926,0
10980916386,0
68179699937,0
10980916480,0
68179699936,0
10980916386,0
68179699937,0
68179699926,0
10980916480,0
68179699936,0
10980916386,0
68179699937,0
68179699926,0
68179699936,0
10980916480,0
10980916386,0
68179699937,0
68179699926,0
68179699936,0
10980916480,0
10980916386,0
68179699937,0
68179699926,0
68179699936,0
10980916480,0
10980916410,0
10980916468,0
10980916407,0
68179699917,0
68179699907,0
68179699928,0
68179699927,0
10980916417,0
10980916419,0
10980916420,0
10980916405,0
10980916415,0
10980916407,0
10980916410,0
10980916419,0
10980916468,0
68179699907,0
68179699927,0
10980916420,0
68179699917,0
68179699928,0
10980916417,0
10980916405,0
10980916415,0
10980916410,0
10980916407,0
10980916419,0
10980916468,0
68179699907,0
68179699927,0
10980916420,0
68179699917,0
68179699928,0
10980916417,0
10980916405,0
10980916415,0
10980916407,0
10980916410,0
10980916419,0
10980916468,0
68179699907,0
68179699927,0
10980916420,0
68179699917,0
68179699928,0
10980916417,0
10980916405,0
10980916415,0
10980916410,0
10980916407,0
10980916419,0
10980916468,0
68179699907,0
68179699927,0
10980916420,0
68179699917,0
68179699928,0
10980916417,0
10980916405,0
10980916415,0
10980916410,0
10980916407,0
10980916419,0
10980916479,0
10980916479,0
10980916425,0
10980916425,0
10980916426,0
10980916426,0
10980916426,0
10980916426,0
10980916426,0
10980916477,0
68179699918,0
68179699918,0
68179699918,0
68179699918,0
68179699918,0
68179699918,0
10980916433,0
68179699938,0
10980916435,0
10980916433,0
10980916435,0
68179699938,0
10980916433,0
10980916435,0
68179699938,0
10980916433,0
10980916435,0
68179699938,0
10980916433,0
10980916435,0
68179699938,0
10980916433,0
10980916435,0
68179699945,0
68179699945,0
68179699945,0
68179699945,0
68179699945,0
68179699946,0
68179699946,0
68179699946,0
68179699946,0
68179699946,0
68179699946,0
68179699947,0
68179699947,0
68179699947,0
68179699947,0
68179699947,0
68179699947,0
68179699948,0
68179699948,0
68179699948,0
68179699948,0
68179699948,0
68179699948,0
68179699949,0
68179699949,0
68179699949,0
68179699949,0
68179699949,0
68179699949,0
68179699950,0
68179699950,0
68179699950,0
68179699950,0
68179699950,0
68179699950,0
10980916454,0
10980916454,0
10980916454,0
10980916454,0
10980916454,0
68179699914,0
68179699914,0
68179699914,0
68179699914,0
68179699914,0
10980916456,0
10980916456,0
10980916456,0
10980916456,0
10980916456,0
10980916457,0
10980916457,0
10980916457,0
10980916457,0
10980916457,0
10980916477,0
10980916477,0
10980916477,0
10980916477,0
10980916477,0
68179699915,0
68179699915,0
68179699915,0
68179699915,0
68179699915,0
10980916466,0
10980916411,0
10980916466,0
10980916411,0
10980916466,0
10980916411,0
10980916466,0
10980916411,0
10980916466,0
10980916411,0
10980916456,0
68179699935,0
10980916478,0
10980916409,0
10980916425,0
10980916479,0
68179699916,0
10980916467,0
10980916371,0
10980916396,0
10980916478,0
10980916409,0
68179699951,0
10980916396,0
68179699935,0
10980916425,0
10980916467,0
68179699916,0
10980916479,0
10980916478,0
10980916409,0
68179699951,0
10980916396,0
68179699935,0
10980916425,0
10980916467,0
68179699916,0
10980916479,0
10980916478,0
10980916409,0
68179699951,0
10980916396,0
68179699935,0
10980916425,0
10980916467,0
10980916478,0
10980916409,0
68179699951,0
10980916396,0
68179699935,0
10980916467,0
10980916478,0
10980916409,0
68179699951,0
10980916396,0
10980916480,0
68179699926,0
10980916386,0
68179699937,0
10980916386,0
68179699937,0
68179699926,0
68179699936,0
68179699936,0
10980916480,0
10980916386,0
68179699937,0
68179699926,0
10980916480,0
68179699936,0
10980916386,0
68179699937,0
68179699926,0
68179699936,0
10980916480,0
10980916386,0
68179699937,0
68179699926,0
68179699936,0
10980916480,0
68179699952,0
68179699937,0
10980916405,0
10980916468,0
68179699917,0
68179699907,0
68179699928,0
10980916415,0
68179699927,0
68179699953,0
10980916420,0
10980916407,0
10980916410,0
10980916419,0
10980916468,0
68179699907,0
68179699927,0
10980916420,0
68179699917,0
68179699928,0
68179699953,0
10980916405,0
10980916415,0
10980916410,0
10980916407,0
10980916419,0
10980916468,0
68179699907,0
68179699927,0
10980916420,0
68179699917,0
68179699928,0
68179699953,0
10980916405,0
10980916415,0
10980916407,0
10980916410,0
68179699954,0
10980916468,0
68179699907,0
68179699927,0
10980916420,0
68179699917,0
68179699928,0
68179699953,0
68179699955,0
10980916415,0
10980916410,0
10980916407,0
68179699954,0
10980916468,0
68179699907,0
68179699927,0
10980916420,0
68179699917,0
68179699928,0
68179699953,0
68179699955,0
10980916415,0
10980916410,0
10980916407,0
68179699954,0
10980916468,0
68179699907,0
68179699927,0
10980916420,0
10980916479,0
10980916479,0
10980916425,0
10980916426,0
10980916426,0
10980916426,0
10980916426,0
10980916426,0
68179699918,0
68179699918,0
68179699918,0
68179699918,0
68179699918,0
68179699938,0
10980916433,0
10980916435,0
68179699938,0
10980916433,0
10980916435,0
68179699938,0
10980916433,0
10980916435,0
68179699938,0
68179699956,0
10980916435,0
68179699938,0
68179699956,0
10980916435,0
68179699938,0
68179699957,0
68179699957,0
68179699957,0
68179699957,0
68179699957,0
68179699958,0
68179699958,0
68179699958,0
68179699958,0
68179699958,0
68179699958,0
68179699959,0
68179699959,0
68179699959,0
68179699959,0
68179699959,0
68179699959,0
68179699960,0
68179699960,0
68179699960,0
68179699960,0
68179699960,0
68179699960,0
68179699961,0
68179699962,0
68179699962,0
68179699962,0
68179699962,0
68179699962,0
68179699963,0
68179699964,0
68179699964,0
68179699964,0
68179699964,0
68179699964,0
10980916454,0
10980916454,0
10980916454,0
10980916454,0
10980916454,0
68179699914,0
68179699914,0
68179699914,0
68179699914,0
68179699914,0
10980916456,0
10980916456,0
10980916456,0
10980916456,0
10980916456,0
10980916457,0
10980916457,0
10980916457,0
10980916457,0
10980916457,0
10980916477,0
10980916477,0
10980916477,0
10980916477,0
10980916477,0
68179699915,0
68179699915,0
68179699915,0
68179699915,0
68179699915,0
10980916466,0
10980916411,0
10980916466,0
10980916411,0
10980916466,0
10980916411,0
10980916466,0
10980916411,0
10980916466,0
10980916411,0
68179699935,0
10980916425,0
10980916479,0
68179699916,0
10980916467,0
10980916478,0
10980916409,0
68179699951,0
10980916396,0
68179699935,0
10980916425,0
10980916467,0
68179699916,0
10980916479,0
10980916478,0
10980916409,0
68179699951,0
10980916396,0
68179699935,0
10980916425,0
10980916467,0
68179699916,0
10980916479,0
10980916478,0
10980916409,0
68179699951,0
10980916396,0
68179699935,0
10980916425,0
10980916467,0
68179699916,0
10980916479,0
10980916478,0
10980916409,0
68179699951,0
10980916396,0
68179699935,0
10980916467,0
10980916478,0
10980916409,0
68179699951,0
10980916396,0
68179699935,0
10980916467,0
10980916480,0
68179699926,0
68179699952,0
68179699937,0
68179699926,0
10980916480,0
68179699936,0
68179699952,0
68179699937,0
68179699926,0
68179699936,0
10980916480,0
68179699952,0
68179699937,0
68179699926,0
68179699936,0
10980916480,0
68179699952,0
68179699937,0
68179699926,0
68179699936,0
10980916480,0
68179699952,0
68179699937,0
68179699926,0
68179699936,0
68179699955,0
68179699965,0
10980916407,0
68179699917,0
68179699928,0
10980916415,0
68179699953,0
68179699954,0
10980916468,0
68179699907,0
68179699927,0
10980916420,0
68179699917,0
68179699928,0
68179699953,0
68179699955,0
10980916415,0
68179699965,0
10980916407,0
68179699954,0
10980916468,0
68179699907,0
68179699927,0
10980916420,0
68179699917,0
68179699928,0
68179699953,0
68179699955,0
10980916415,0
68179699965,0
10980916407,0
68179699954,0
10980916468,0
68179699907,0
68179699927,0
10980916420,0
68179699917,0
68179699928,0
68179699953,0
68179699955,0
10980916415,0
68179699965,0
10980916407,0
68179699954,0
10980916468,0
68179699907,0
68179699927,0
10980916420,0
68179699917,0
68179699928,0
68179699953,0
68179699955,0
10980916415,0
68179699965,0
10980916407,0
68179699954,0
10980916468,0
68179699907,0
68179699927,0
10980916420,0
68179699917,0
68179699928,0
68179699953,0
10980916479,0
10980916425,0
10980916426,0
10980916426,0
10980916426,0
10980916426,0
10980916426,0
10980916426,0
68179699918,0
68179699918,0
68179699918,0
68179699918,0
68179699918,0
10980916425,0
68179699956,0
10980916435,0
68179699938,0
68179699956,0
10980916435,0
68179699938,0
68179699956,0
10980916435,0
68179699938,0
68179699956,0
10980916435,0
68179699938,0
68179699956,0
10980916435,0
68179699938,0
68179699966,0
68179699966,0
68179699966,0
68179699966,0
68179699966,0
68179699967,0
68179699967,0
68179699967,0
68179699967,0
68179699967,0
68179699967,0
68179699968,0
68179699968,0
68179699968,0
68179699968,0
68179699968,0
68179699968,0
68179699969,0
68179699969,0
68179699969,0
68179699969,0
68179699969,0
68179699969,0
68179699970,0
68179699970,0
68179699970,0
68179699970,0
68179699970,0
68179699970,0
68179699971,0
68179699971,0
68179699971,0
68179699971,0
68179699971,0
68179699971,0
10980916454,0
10980916454,0
10980916454,0
10980916454,0
10980916454,0
68179699914,0
68179699914,0
68179699914,0
68179699914,0
68179699914,0
10980916456,0
10980916456,0
10980916456,0
10980916456,0
10980916456,0
10980916457,0
10980916457,0
10980916457,0
10980916457,0
10980916457,0
10980916477,0
10980916477,0
10980916477,0
10980916477,0
10980916477,0
68179699915,0
68179699915,0
68179699915,0
68179699915,0
68179699915,0
10980916466,0
10980916411,0
10980916466,0
68179699972,0
10980916466,0
68179699972,0
10980916466,0
68179699972,0
10980916466,0
68179699972,0
10980916478,0
10980916409,0
10980916479,0
68179699916,0
68179699951,0
10980916396,0
68179699935,0
10980916425,0
10980916467,0
68179699916,0
10980916479,0
10980916478,0
10980916409,0
68179699951,0
10980916396,0
68179699935,0
10980916425,0
10980916467,0
68179699916,0
10980916479,0
10980916478,0
10980916409,0
68179699951,0
10980916396,0
68179699935,0
10980916425,0
10980916467,0
10980916479,0
68179699916,0
10980916478,0
10980916409,0
68179699951,0
10980916396,0
68179699935,0
10980916467,0
10980916478,0
10980916409,0
68179699951,0
10980916396,0
68179699935,0
10980916467,0
10980916480,0
68179699952,0
68179699937,0
68179699926,0
10980916480,0
68179699952,0
68179699937,0
68179699936,0
68179699926,0
68179699936,0
10980916480,0
68179699952,0
68179699937,0
68179699926,0
68179699936,0
10980916480,0
68179699952,0
68179699937,0
68179699926,0
68179699936,0
10980916480,0
68179699952,0
68179699937,0
68179699926,0
68179699936,0
10980916480,0
68179699936,0
68179699955,0
10980916468,0
10980916407,0
68179699965,0
68179699907,0
10980916415,0
68179699927,0
68179699954,0
10980916420,0
68179699917,0
68179699928,0
68179699953,0
68179699955,0
10980916415,0
10980916407,0
68179699965,0
68179699954,0
10980916468,0
68179699907,0
68179699927,0
10980916420,0
68179699917,0
68179699928,0
68179699953,0
68179699955,0
10980916415,0
68179699965,0
10980916407,0
68179699954,0
10980916468,0
68179699907,0
68179699927,0
10980916420,0
68179699917,0
68179699928,0
68179699953,0
68179699955,0
68179699973,0
10980916407,0
68179699965,0
68179699954,0
10980916468,0
68179699907,0
68179699927,0
10980916420,0
68179699917,0
68179699928,0
68179699953,0
68179699955,0
68179699973,0
68179699965,0
10980916407,0
68179699954,0
10980916468,0
68179699907,0
68179699927,0
10980916420,0
68179699917,0
68179699928,0
68179699953,0
68179699955,0
68179699973,0
10980916479,0
10980916425,0
10980916425,0
10980916426,0
68179699974,0
68179699974,0
68179699974,0
68179699974,0
10980916457,0
68179699918,0
68179699918,0
68179699918,0
68179699918,0
68179699918,0
10980916479,0
68179699956,0
68179699938,0
10980916435,0
68179699956,0
10980916435,0
68179699938,0
68179699956,0
10980916435,0
68179699938,0
68179699956,0
10980916435,0
68179699938,0
68179699956,0
68179699975,0
68179699938,0
68179699976,0
68179699976,0
68179699976,0
68179699976,0
68179699976,0
68179699977,0
68179699977,0
68179699977,0
68179699977,0
68179699977,0
68179699977,0
68179699978,0
68179699978,0
68179699978,0
68179699978,0
68179699978,0
68179699978,0
68179699979,0
68179699979,0
68179699979,0
68179699979,0
68179699979,0
68179699979,0
68179699980,0
68179699980,0
68179699980,0
68179699980,0
68179699980,0
68179699980,0
68179699981,0
68179699981,0
68179699981,0
68179699981,0
68179699981,0
68179699981,0
10980916454,0
10980916454,0
10980916454,0
10980916454,0
10980916454,0
10980916454,0
68179699914,0
68179699914,0
68179699914,0
68179699914,0
68179699914,0
68179699914,0
10980916456,0
68179699982,0
10980916456,0
10980916456,0
10980916456,0
10980916457,0
10980916457,0
10980916457,0
10980916457,0
10980916457,0
10980916477,0
10980916477,0
10980916477,0
10980916477,0
10980916477,0
68179699915,0
68179699915,0
68179699915,0
68179699915,0
68179699915,0
68179699915,0
10980916466,0
68179699972,0
10980916466,0
68179699972,0
10980916466,0
68179699972,0
10980916466,0
68179699972,0
10980916466,0
68179699972,0
10980916466,0
68179699972,0
68179699935,0
10980916478,0
68179699983,0
10980916425,0
68179699916,0
10980916467,0
68179699951,0
10980916396,0
68179699916,0
10980916479,0
10980916478,0
68179699983,0
68179699951,0
10980916396,0
68179699935,0
10980916425,0
10980916467,0
68179699916,0
10980916479,0
10980916478,0
68179699983,0
68179699951,0
10980916396,0
68179699935,0
10980916425,0
10980916467,0
68179699916,0
10980916479,0
10980916478,0
68179699983,0
68179699951,0
68179699984,0
68179699935,0
10980916425,0
10980916467,0
10980916478,0
68179699983,0
68179699951,0
68179699984,0
68179699935,0
10980916467,0
68179699926,0
68179699952,0
68179699937,0
10980916480,0
68179699952,0
68179699937,0
68179699926,0
68179699936,0
10980916480,0
68179699936,0
68179699952,0
68179699937,0
68179699926,0
10980916480,0
68179699936,0
68179699952,0
68179699937,0
68179699926,0
68179699936,0
10980916480,0
68179699952,0
68179699937,0
68179699926,0
68179699936,0
10980916480,0
10980916468,0
68179699965,0
10980916407,0
68179699917,0
68179699907,0
68179699928,0
68179699927,0
68179699953,0
68179699954,0
68179699985,0
68179699955,0
68179699973,0
68179699986,0
68179699965,0
68179699954,0
10980916468,0
68179699907,0
68179699927,0
68179699985,0
68179699917,0
68179699928,0
68179699953,0
68179699955,0
68179699973,0
68179699965,0
68179699986,0
68179699954,0
10980916468,0
68179699907,0
68179699927,0
68179699985,0
68179699917,0
68179699928,0
68179699953,0
68179699955,0
68179699973,0
68179699986,0
68179699965,0
68179699954,0
10980916468,0
68179699907,0
68179699927,0
68179699985,0
68179699917,0
68179699928,0
68179699953,0
68179699955,0
68179699973,0
68179699965,0
68179699986,0
68179699954,0
10980916468,0
68179699907,0
68179699927,0
68179699985,0
68179699917,0
68179699928,0
68179699953,0
68179699955,0
68179699973,0
68179699965,0
68179699986,0
68179699954,0
10980916479,0
10980916479,0
10980916425,0
68179699974,0
68179699974,0
68179699974,0
68179699974,0
68179699974,0
10980916477,0
68179699918,0
68179699918,0
68179699918,0
68179699918,0
68179699918,0
68179699918,0
68179699956,0
68179699938,0
68179699975,0
68179699956,0
68179699975,0
68179699938,0
68179699956,0
68179699975,0
68179699938,0
68179699956,0
68179699975,0
68179699938,0
68179699956,0
68179699975,0
68179699938,0
68179699956,0
68179699975,0
68179699987,0
68179699987,0
68179699987,0
68179699988,0
68179699988,0
68179699989,0
68179699989,0
68179699989,0
68179699989,0
68179699989,0
68179699989,0
68179699990,0
68179699990,0
68179699990,0
68179699990,0
68179699990,0
68179699990,0
68179699991,0
68179699991,0
68179699991,0
68179699992,0
68179699992,0
68179699992,0
68179699993,0
68179699993,0
68179699993,0
68179699993,0
68179699993,0
68179699993,0
68179699994,0
68179699994,0
68179699994,0
68179699994,0
68179699994,0
68179699994,0
10980916454,0
10980916454,0
10980916454,0
10980916454,0
10980916454,0
68179699914,0
68179699914,0
68179699914,0
68179699914,0
68179699914,0
68179699982,0
68179699982,0
68179699982,0
68179699982,0
68179699982,0
10980916457,0
68179699995,0
68179699995,0
10980916457,0
68179699995,0
10980916477,0
10980916477,0
10980916477,0
10980916477,0
10980916477,0
68179699915,0
68179699915,0
68179699915,0
68179699915,0
68179699915,0
10980916466,0
68179699972,0
10980916466,0
68179699972,0
10980916466,0
68179699972,0
10980916466,0
68179699972,0
10980916466,0
68179699972,0
68179699982,0
68179699935,0
10980916478,0
68179699996,0
10980916479,0
68179699983,0
68179699916,0
10980916467,0
68179699951,0
68179699984,0
10980916478,0
68179699983,0
68179699951,0
68179699984,0
68179699935,0
68179699996,0
10980916467,0
68179699916,0
10980916479,0
10980916478,0
68179699983,0
68179699951,0
68179699984,0
68179699935,0
68179699996,0
10980916467,0
68179699916,0
10980916479,0
10980916478,0
68179699983,0
68179699951,0
68179699984,0
68179699935,0
68179699996,0
10980916467,0
68179699916,0
10980916479,0
10980916478,0
68179699983,0
68179699951,0
68179699984,0
68179699935,0
10980916467,0
10980916478,0
68179699983,0
68179699951,0
68179699984,0
10980916480,0
68179699926,0
68179699952,0
68179699937,0
68179699952,0
68179699937,0
68179699926,0
10980916480,0
68179699936,0
68179699952,0
68179699937,0
68179699926,0
68179699936,0
10980916480,0
68179699952,0
68179699937,0
68179699926,0
10980916480,0
68179699936,0
68179699952,0
68179699937,0
68179699926,0
68179699936,0
10980916480,0
68179699952,0
68179699937,0
68179699936,0
68179699955,0
10980916468,0
68179699917,0
68179699907,0
68179699928,0
68179699973,0
68179699927,0
68179699953,0
68179699985,0
68179699965,0
68179699986,0
68179699954,0
10980916468,0
68179699907,0
68179699927,0
68179699985,0
68179699917,0
68179699928,0
68179699953,0
68179699955,0
68179699973,0
68179699986,0
68179699965,0
68179699954,0
10980916468,0
68179699907,0
68179699927,0
68179699985,0
68179699917,0
68179699928,0
68179699953,0
68179699955,0
68179699973,0
68179699965,0
68179699986,0
68179699954,0
10980916468,0
68179699907,0
68179699927,0
68179699985,0
68179699917,0
68179699928,0
68179699953,0
68179699955,0
68179699973,0
68179699986,0
68179699965,0
68179699954,0
10980916468,0
68179699907,0
68179699927,0
68179699985,0
68179699917,0
68179699928,0
68179699953,0
68179699955,0
68179699973,0
68179699965,0
68179699986,0
68179699954,0
10980916468,0
68179699907,0
68179699927,0
68179699985,0
10980916479,0
68179699996,0
68179699974,0
68179699974,0
68179699974,0
68179699974,0
68179699974,0
68179699918,0
68179699918,0
68179699918,0
68179699918,0
68179699918,0
68179699938,0
68179699956,0
68179699975,0
68179699938,0
68179699956,0
68179699975,0
68179699938,0
68179699956,0
68179699975,0
68179699938,0
68179699956,0
68179699975,0
68179699938,0
68179699956,0
68179699975,0
68179699938,0
68179699997,0
68179699997,0
68179699997,0
68179699997,0
68179699997,0
68179699998,0
68179699998,0
68179699998,0
68179699998,0
68179699998,0
68179699998,0
68179699999,0
68179699999,0
68179699999,0
68179699999,0
68179699999,0
68179700000,0
68179700001,0
68179700001,0
68179700001,0
68179700001,0
68179700001,0
68179700001,0
68179700002,0
68179700002,0
68179700002,0
68179700002,0
68179700002,0
68179700002,0
68179700003,0
68179700003,0
68179700003,0
68179700003,0
68179700003,0
68179700003,0
68179700004,0
68179700004,0
68179700004,0
68179700004,0
68179700004,0
68179699914,0
68179699914,0
68179699914,0
68179699914,0
68179699914,0
68179699982,0
68179699982,0
68179699982,0
68179699982,0
68179699982,0
68179699995,0
68179699995,0
68179699995,0
68179699995,0
68179699995,0
10980916477,0
10980916477,0
10980916477,0
10980916477,0
10980916477,0
68179699915,0
68179699915,0
68179699915,0
68179699915,0
68179699915,0
10980916466,0
68179699972,0
68179700005,0
68179699972,0
68179700005,0
68179699972,0
68179700005,0
68179699972,0
68179700005,0
68179699972,0
68179699935,0
68179699996,0
10980916479,0
68179699916,0
10980916467,0
10980916478,0
68179699983,0
68179699951,0
68179699984,0
68179699935,0
68179699996,0
10980916467,0
68179699916,0
10980916479,0
10980916478,0
68179699983,0
68179699951,0
68179699984,0
68179699935,0
68179699996,0
10980916467,0
68179699916,0
10980916479,0
10980916478,0
68179699983,0
68179699951,0
68179699984,0
68179699935,0
68179699996,0
10980916467,0
68179699916,0
10980916479,0
10980916478,0
68179699983,0
68179699951,0
68179699984,0
68179699935,0
10980916467,0
10980916478,0
68179699983,0
68179699951,0
68179699984,0
68179699935,0
10980916467,0
10980916480,0
68179699926,0
68179699952,0
68179699937,0
68179699926,0
10980916480,0
68179699952,0
68179699937,0
68179699936,0
68179699926,0
68179699936,0
10980916480,0
68179699952,0
68179699937,0
68179699926,0
10980916480,0
68179699936,0
68179699952,0
68179699937,0
68179699926,0
68179699936,0
10980916480,0
68179699952,0
68179699937,0
68179699926,0
68179699936,0
68179699955,0
68179699986,0
68179699917,0
68179699965,0
68179699928,0
68179699973,0
68179699953,0
68179699954,0
10980916468,0
68179699907,0
68179699927,0
68179699985,0
68179699917,0
68179699928,0
68179699953,0
68179699955,0
68179699973,0
68179699965,0
68179699986,0
68179699954,0
10980916468,0
68179699907,0
68179699927,0
68179699985,0
68179699917,0
68179699928,0
68179699953,0
68179699955,0
68179699973,0
68179699986,0
68179699965,0
68179699954,0
10980916468,0
68179699907,0
68179699927,0
68179699985,0
68179699917,0
68179699928,0
68179699953,0
68179699955,0
68179699973,0
68179699965,0
68179699986,0
68179699954,0
68179700006,0
68179699907,0
68179699927,0
68179699985,0
68179699917,0
68179699928,0
68179699953,0
68179699955,0
68179699973,0
68179699965,0
68179699986,0
68179699954,0
68179700006,0
68179699907,0
68179699927,0
68179699985,0
68179699917,0
68179699928,0
68179699953,0
10980916479,0
68179699996,0
68179699974,0
68179699974,0
68179699974,0
68179699974,0
68179699974,0
68179699974,0
68179699918,0
68179699918,0
68179699918,0
68179699918,0
68179699918,0
68179699996,0
68179699956,0
68179699975,0
68179699938,0
68179699956,0
68179699975,0
68179699938,0
68179699956,0
68179699975,0
68179699938,0
68179699956,0
68179699975,0
68179699938,0
68179699956,0
68179699975,0
68179699938,0
68179700007,0
68179700007,0
68179700007,0
68179700007,0
68179700007,0
68179700008,0
68179700008,0
68179700008,0
68179700008,0
68179700008,0
68179700008,0
68179700009,0
68179700009,0
68179700009,0
68179700009,0
68179700009,0
68179700009,0
68179700010,0
68179700010,0
68179700010,0
68179700010,0
68179700010,0
68179700010,0
68179700011,0
68179700011,0
68179700011,0
68179700011,0
68179700011,0
68179700011,0
68179700012,0
68179700012,0
68179700012,0
68179700012,0
68179700012,0
68179700012,0
68179700004,0
68179700004,0
68179700004,0
68179700004,0
68179700004,0
68179699914,0
68179699914,0
68179699914,0
68179699914,0
68179699914,0
68179699982,0
68179699982,0
68179699982,0
68179699982,0
68179699982,0
68179699995,0
68179699995,0
68179699995,0
68179699995,0
68179699995,0
10980916477,0
10980916477,0
10980916477,0
10980916477,0
10980916477,0
68179699915,0
68179699915,0
68179699915,0
68179699915,0
68179699915,0
68179700005,0
68179699972,0
68179700005,0
68179699972,0
68179700005,0
68179699972,0
68179700005,0
68179699972,0
68179700005,0
68179699972,0
10980916478,0
10980916479,0
68179699983,0
68179699916,0
68179699951,0
68179699984,0
68179699935,0
68179699996,0
68179700013,0
68179699916,0
10980916479,0
10980916478,0
68179699983,0
68179699951,0
68179699984,0
68179699935,0
68179699996,0
68179700013,0
10980916479,0
68179699916,0
68179700014,0
68179699983,0
68179699951,0
68179699984,0
68179699935,0
68179699996,0
68179700013,0
68179699916,0
68179700015,0
68179700014,0
68179699983,0
68179699951,0
68179699984,0
68179699935,0
68179700013,0
68179700014,0
68179699983,0
68179699951,0
68179699984,0
68179699935,0
68179700013,0
10980916480,0
68179699952,0
68179699937,0
68179699926,0
10980916480,0
68179699936,0
68179699952,0
68179699937,0
68179699926,0
68179699936,0
10980916480,0
68179699952,0
68179699937,0
68179699926,0
10980916480,0
68179699952,0
68179699937,0
68179699936,0
68179699926,0
68179699936,0
68179700016,0
68179699952,0
68179699937,0
68179699926,0
68179699936,0
68179700016,0
68179699936,0
68179699955,0
68179700006,0
68179699986,0
68179699965,0
68179699907,0
68179699973,0
68179699927,0
68179699954,0
68179699985,0
68179699917,0
68179699928,0
68179699953,0
68179699955,0
68179699973,0
68179699965,0
68179699986,0
68179699954,0
68179700006,0
68179699907,0
68179699927,0
68179699985,0
68179699917,0
68179699928,0
68179699953,0
68179699955,0
68179699973,0
68179699965,0
68179699986,0
68179699954,0
68179700006,0
68179699907,0
68179699927,0
68179699985,0
68179699917,0
68179699928,0
68179699953,0
68179699955,0
68179699973,0
68179699965,0
68179699986,0
68179699954,0
68179700006,0
68179699907,0
68179699927,0
68179699985,0
68179699917,0
68179699928,0
68179699953,0
68179699955,0
68179699973,0
68179699965,0
68179699986,0
68179699954,0
68179700006,0
68179699907,0
68179699927,0
68179699985,0
68179699917,0
68179699928,0
68179699953,0
68179699955,0
68179699973,0
68179700015,0
68179699996,0
68179699996,0
68179699974,0
68179699974,0
68179699974,0
68179699974,0
68179699974,0
68179699995,0
68179699918,0
68179699918,0
68179699918,0
68179699918,0
68179699918,0
68179700015,0
68179699956,0
68179699938,0
68179699975,0
68179699956,0
68179699975,0
68179699938,0
68179699956,0
68179699975,0
68179699938,0
68179699956,0
68179699975,0
68179699938,0
68179699956,0
68179699975,0
68179699938,0
68179700017,0
68179700017,0
68179700017,0
68179700017,0
68179700017,0
68179700018,0
68179700018,0
68179700018,0
68179700019,0
68179700019,0
68179700019,0
68179700020,0
68179700020,0
68179700020,0
68179700020,0
68179700020,0
68179700020,0
68179700021,0
68179700021,0
68179700021,0
68179700021,0
68179700021,0
68179700021,0
68179700022,0
68179700022,0
68179700022,0
68179700022,0
68179700022,0
68179700022,0
68179700023,0
68179700023,0
68179700023,0
68179700023,0
68179700023,0
68179700023,0
68179700004,0
68179700004,0
68179700004,0
68179700004,0
68179700004,0
68179700004,0
68179699914,0
68179699914,0
68179699914,0
68179699914,0
68179699914,0
68179699914,0
68179699982,0
68179699982,0
68179699982,0
68179699982,0
68179699982,0
68179699995,0
68179699995,0
68179699995,0
68179699995,0
68179699995,0
68179700024,0
68179700024,0
68179700024,0
68179700024,0
68179700024,0
68179699915,0
68179699915,0
68179699915,0
68179699915,0
68179699915,0
68179699915,0
68179700005,0
68179699972,0
68179700005,0
68179699972,0
68179700005,0
68179699972,0
68179700005,0
68179699972,0
68179700005,0
68179699972,0
68179700005,0
68179699972,0
68179699935,0
68179700014,0
68179699996,0
68179699983,0
68179699916,0
68179700013,0
68179699951,0
68179699984,0
68179699916,0
68179700015,0
68179700014,0
68179699983,0
68179699951,0
68179699984,0
68179699935,0
68179699996,0
68179700013,0
68179699916,0
68179700015,0
68179700014,0
68179699983,0
68179699951,0
68179699984,0
68179699935,0
68179699996,0
68179700013,0
68179699916,0
68179700015,0
68179700014,0
68179699983,0
68179699951,0
68179699984,0
68179699935,0
68179699996,0
68179700013,0
68179700014,0
68179699983,0
68179699951,0
68179699984,0
68179699935,0
68179700013,0
68179699926,0
68179699952,0
68179699937,0
68179700016,0
68179699952,0
68179699937,0
68179699936,0
68179699926,0
68179699936,0
68179700016,0
68179699952,0
68179699937,0
68179699926,0
68179700016,0
68179699952,0
68179699937,0
68179699926,0
68179699936,0
68179699936,0
68179700016,0
68179699952,0
68179699937,0
68179699926,0
68179699936,0
68179700016,0
68179700006,0
68179699986,0
68179699965,0
68179699917,0
68179699907,0
68179699928,0
68179699927,0
68179699953,0
68179699954,0
68179699985,0
68179699955,0
68179699973,0
68179699965,0
68179699986,0
68179699954,0
68179700006,0
68179699907,0
68179699927,0
68179699985,0
68179699917,0
68179699928,0
68179699953,0
68179699955,0
68179699973,0
68179699965,0
68179699986,0
68179699954,0
68179700006,0
68179699907,0
68179699927,0
68179699985,0
68179699917,0
68179699928,0
68179699953,0
68179699955,0
68179699973,0
68179699965,0
68179699986,0
68179699954,0
68179700006,0
68179700025,0
68179699927,0
68179699985,0
68179699917,0
68179699928,0
68179699953,0
68179699955,0
68179699973,0
68179699965,0
68179699986,0
68179699954,0
68179700006,0
68179700025,0
68179699927,0
68179699985,0
68179699917,0
68179699928,0
68179699953,0
68179699955,0
68179699973,0
68179699965,0
68179699986,0
68179699954,0
68179700015,0
68179700015,0
68179699996,0
68179699974,0
68179699974,0
68179699974,0
68179699974,0
68179699974,0
68179700024,0
68179699918,0
68179699918,0
68179699918,0
68179699918,0
68179699918,0
68179699918,0
68179699956,0
68179699938,0
68179699975,0
68179699956,0
68179699975,0
68179699938,0
68179699956,0
68179699975,0
68179699938,0
68179699956,0
68179699975,0
68179699938,0
68179699956,0
68179699975,0
68179699938,0
68179699956,0
68179699975,0
68179700026,0
68179700026,0
68179700026,0
68179700026,0
68179700026,0
68179700027,0
68179700027,0
68179700027,0
68179700027,0
68179700027,0
68179700027,0
68179700028,0
68179700028,0
68179700028,0
68179700028,0
68179700028,0
68179700028,0
68179700029,0
68179700029,0
68179700029,0
68179700029,0
68179700029,0
68179700029,0
68179700030,0
68179700030,0
68179700030,0
68179700030,0
68179700030,0
68179700030,0
68179700031,0
68179700031,0
68179700031,0
68179700031,0
68179700031,0
68179700031,0
68179700004,0
68179700004,0
68179700004,0
68179700004,0
68179700004,0
68179699914,0
68179700032,0
68179700032,0
68179700032,0
68179700032,0
68179699982,0
68179699982,0
68179699982,0
68179699982,0
68179699982,0
68179699995,0
68179699995,0
68179699995,0
68179699995,0
68179699995,0
68179700024,0
68179700024,0
68179700024,0
68179700024,0
68179700024,0
68179699915,0
68179699915,0
68179699915,0
68179699915,0
68179699915,0
68179700005,0
68179699972,0
68179700005,0
68179699972,0
68179700005,0
68179699972,0
68179700005,0
68179699972,0
68179700005,0
68179699972,0
68179699982,0
68179699935,0
68179700014,0
68179699996,0
68179700015,0
68179699983,0
68179699916,0
68179700013,0
68179699951,0
68179699984,0
68179700014,0
68179699983,0
68179699951,0
68179699984,0
68179699935,0
68179699996,0
68179700013,0
68179699916,0
68179700015,0
68179700014,0
68179699983,0
68179699951,0
68179699984,0
68179699935,0
68179699996,0
68179700013,0
68179700015,0
68179699916,0
68179700014,0
68179699983,0
68179699951,0
68179699984,0
68179699935,0
68179699996,0
68179700013,0
68179700033,0
68179700015,0
68179700014,0
68179699983,0
68179699951,0
68179699984,0
68179699935,0
68179700013,0
68179700014,0
68179699983,0
68179699951,0
68179699984,0
68179700016,0
68179699926,0
68179699952,0
68179699937,0
68179699936,0
68179699952,0
68179699937,0
68179699926,0
68179700016,0
68179699936,0
68179699952,0
68179699937,0
68179699926,0
68179699936,0
68179700016,0
68179699952,0
68179699937,0
68179699926,0
68179700016,0
68179699936,0
68179699952,0
68179699937,0
68179699926,0
68179699936,0
68179700016,0
68179699952,0
68179699937,0
68179699955,0
68179700006,0
68179699917,0
68179700025,0
68179699928,0
68179699973,0
68179699927,0
68179699953,0
68179699985,0
68179699965,0
68179699986,0
68179699954,0
68179700006,0
68179700025,0
68179699927,0
68179699985,0
68179700034,0
68179699928,0
68179699953,0
68179699955,0
68179699973,0
68179699986,0
68179699965,0
68179699954,0
68179700006,0
68179700025,0
68179699927,0
68179699985,0
68179700034,0
68179699928,0
68179699953,0
68179699955,0
68179699973,0
68179699965,0
68179699986,0
68179699954,0
68179700006,0
68179700025,0
68179699927,0
68179699985,0
68179700034,0
68179699928,0
68179699953,0
68179699955,0
68179699973,0
68179699986,0
68179699965,0
68179699954,0
68179700006,0
68179700025,0
68179699927,0
68179699985,0
68179700034,0
68179699928,0
68179699953,0
68179699955,0
68179699973,0
68179699965,0
68179699986,0
68179699954,0
68179700006,0
68179700025,0
68179699927,0
68179699985,0
68179700015,0
68179699996,0
68179699974,0
68179699974,0
68179699974,0
68179699974,0
68179699974,0
68179699918,0
68179699918,0
68179699918,0
68179699918,0
68179699918,0
68179699938,0
68179699956,0
68179699975,0
68179699938,0
68179699956,0
68179699975,0
68179699938,0
68179699956,0
68179699975,0
68179699938,0
68179699956,0
68179699975,0
68179699938,0
68179699956,0
68179699975,0
68179699938,0
68179700035,0
68179700035,0
68179700035,0
68179700035,0
68179700035,0
68179700036,0
68179700036,0
68179700036,0
68179700036,0
68179700036,0
68179700036,0
68179700037,0
68179700037,0
68179700037,0
68179700037,0
68179700037,0
68179700037,0
68179700038,0
68179700038,0
68179700038,0
68179700038,0
68179700038,0
68179700038,0
68179700039,0
68179700039,0
68179700039,0
68179700039,0
68179700039,0
68179700039,0
68179700040,0
68179700040,0
68179700040,0
68179700040,0
68179700040,0
68179700040,0
68179700004,0
68179700004,0
68179700004,0
68179700004,0
68179700004,0
68179700032,0
68179700032,0
68179700032,0
68179700032,0
68179700032,0
68179699982,0
68179699982,0
68179699982,0
68179699982,0
68179699982,0
68179699995,0
68179699995,0
68179699995,0
68179699995,0
68179699995,0
68179700024,0
68179700024,0
68179700024,0
68179700024,0
68179700024,0
68179700041,0
68179700041,0
68179700041,0
68179700041,0
68179700041,0
68179700005,0
68179699972,0
68179700005,0
68179699972,0
68179700005,0
68179699972,0
68179700005,0
68179699972,0
68179700005,0
68179699972,0
68179699935,0
68179699996,0
68179700015,0
68179700033,0
68179700013,0
68179700014,0
68179699983,0
68179699951,0
68179699984,0
68179699935,0
68179699996,0
68179700013,0
68179700033,0
68179700015,0
68179700014,0
68179699983,0
68179699951,0
68179699984,0
68179699935,0
68179699996,0
68179700013,0
68179700033,0
68179700015,0
68179700014,0
68179699983,0
68179699951,0
68179699984,0
68179699935,0
68179699996,0
68179700013,0
68179700033,0
68179700015,0
68179700014,0
68179699983,0
68179699951,0
68179699984,0
68179699935,0
68179700013,0
68179700014,0
68179699983,0
68179699951,0
68179699984,0
68179699935,0
68179700013,0
68179700016,0
68179699926,0
68179699952,0
68179699937,0
68179699926,0
68179700016,0
68179699936,0
68179699952,0
68179699937,0
68179699926,0
68179700016,0
68179699936,0
68179699952,0
68179699937,0
68179700042,0
68179700016,0
68179699936,0
68179699952,0
68179699937,0
68179700042,0
68179699936,0
68179700016,0
68179699952,0
68179699937,0
68179700042,0
68179699936,0
68179699955,0
68179699986,0
68179700034,0
68179699965,0
68179699928,0
68179699973,0
68179699953,0
68179699954,0
68179700006,0
68179700025,0
68179699927,0
68179699985,0
68179700034,0
68179699928,0
68179699953,0
68179699955,0
68179699973,0
68179699986,0
68179699965,0
68179699954,0
68179700006,0
68179700025,0
68179699927,0
68179699985,0
68179700034,0
68179699928,0
68179699953,0
68179699955,0
68179699973,0
68179699965,0
68179699986,0
68179699954,0
68179700006,0
68179700025,0
68179699927,0
68179699985,0
68179700034,0
68179699928,0
68179699953,0
68179699955,0
68179699973,0
68179699986,0
68179699965,0
68179699954,0
68179700006,0
68179700025,0
68179700043,0
68179699985,0
68179700034,0
68179699928,0
68179699953,0
68179699955,0
68179699973,0
68179699965,0
68179699986,0
68179699954,0
68179700006,0
68179700025,0
68179700043,0
68179699985,0
68179700034,0
68179699928,0
68179699953,0
68179700015,0
68179699996,0
68179699974,0
68179699974,0
68179699974,0
68179699974,0
68179699974,0
68179699974,0
68179700044,0
68179700044,0
68179700044,0
68179700044,0
68179700044,0
68179699996,0
68179699956,0
68179699975,0
68179699938,0
68179699956,0
68179699975,0
68179699938,0
68179699956,0
68179699975,0
68179699938,0
68179699956,0
68179699975,0
68179699938,0
68179699956,0
68179699975,0
68179699938,0
68179700045,0
68179700045,0
68179700045,0
68179700045,0
68179700045,0
68179700046,0
68179700046,0
68179700046,0
68179700046,0
68179700046,0
68179700046,0
68179700047,0
68179700047,0
68179700047,0
68179700047,0
68179700047,0
68179700047,0
68179700048,0
68179700048,0
68179700048,0
68179700048,0
68179700048,0
68179700048,0
68179700049,0
68179700049,0
68179700049,0
68179700049,0
68179700049,0
68179700049,0
68179700050,0
68179700050,0
68179700050,0
68179700050,0
68179700050,0
68179700050,0
68179700004,0
68179700004,0
68179700004,0
68179700004,0
68179700004,0
68179700032,0
68179700032,0
68179700032,0
68179700032,0
68179700032,0
68179699982,0
68179699982,0
68179699982,0
68179699982,0
68179699982,0
68179699995,0
68179699995,0
68179699995,0
68179699995,0
68179699995,0
68179700024,0
68179700024,0
68179700024,0
68179700024,0
68179700024,0
68179700041,0
68179700041,0
68179700041,0
68179700041,0
68179700041,0
68179700005,0
68179699972,0
68179700005,0
68179699972,0
68179700005,0
68179699972,0
68179700005,0
68179699972,0
68179700005,0
68179699972,0
68179700014,0
68179699983,0
68179700015,0
68179700033,0
68179699951,0
68179699984,0
68179699935,0
68179699996,0
68179700013,0
68179700033,0
68179700015,0
68179700014,0
68179699983,0
68179699951,0
68179699984,0
68179700051,0
68179699996,0
68179700013,0
68179700033,0
68179700015,0
68179700014,0
68179699983,0
68179699951,0
68179699984,0
68179700051,0
68179699996,0
68179700013,0
68179700033,0
68179700015,0
68179700014,0
68179699983,0
68179699951,0
68179699984,0
68179700051,0
68179700013,0
68179700014,0
68179699983,0
68179699951,0
68179699984,0
68179700051,0
68179700013,0
68179700016,0
68179699952,0
68179699937,0
68179700042,0
68179700016,0
68179699952,0
68179699937,0
68179699936,0
68179700042,0
68179700016,0
68179699952,0
68179699937,0
68179699936,0
68179700042,0
68179700016,0
68179699952,0
68179699937,0
68179699936,0
68179700042,0
68179700052,0
68179700016,0
68179699952,0
68179699937,0
68179700042,0
68179700052,0
68179700016,0
68179699936,0
68179699955,0
68179699965,0
68179700006,0
68179699986,0
68179700025,0
68179699973,0
68179700043,0
68179699954,0
68179699985,0
68179700034,0
68179700053,0
68179699953,0
68179699955,0
68179699973,0
68179699986,0
68179699965,0
68179699954,0
68179700006,0
68179700025,0
68179700043,0
68179699985,0
68179700034,0
68179700053,0
68179699953,0
68179699955,0
68179699973,0
68179699965,0
68179699986,0
68179699954,0
68179700006,0
68179700025,0
68179700043,0
68179699985,0
68179700034,0
68179700053,0
68179699953,0
68179699955,0
68179699973,0
68179699986,0
68179699965,0
68179699954,0
68179700006,0
68179700025,0
68179700043,0
68179699985,0
68179700034,0
68179700053,0
68179699953,0
68179699955,0
68179699973,0
68179699986,0
68179699965,0
68179699954,0
68179700006,0
68179700025,0
68179700043,0
68179699985,0
68179700034,0
68179700053,0
68179699953,0
68179699955,0
68179699973,0
68179700015,0
68179699996,0
68179699996,0
68179699974,0
68179699974,0
68179699974,0
68179699974,0
68179699974,0
68179699995,0
68179700044,0
68179700044,0
68179700044,0
68179700044,0
68179700044,0
68179700015,0
68179699956,0
68179699938,0
68179699975,0
68179699956,0
68179699975,0
68179699938,0
68179699956,0
68179699975,0
68179699938,0
68179699956,0
68179699975,0
68179699938,0
68179699956,0
68179699975,0
68179699938,0
68179700054,0
68179700054,0
68179700054,0
68179700054,0
68179700054,0
68179700055,0
68179700055,0
68179700055,0
68179700055,0
68179700055,0
68179700055,0
68179700056,0
68179700056,0
68179700056,0
68179700056,0
68179700056,0
68179700056,0
68179700057,0
68179700057,0
68179700057,0
68179700057,0
68179700057,0
68179700057,0
68179700058,0
68179700058,0
68179700058,0
68179700059,0
68179700059,0
68179700059,0
68179700060,0
68179700060,0
68179700060,0
68179700061,0
68179700061,0
68179700061,0
68179700004,0
68179700004,0
68179700004,0
68179700004,0
68179700004,0
68179700004,0
68179700032,0
68179700032,0
68179700032,0
68179700032,0
68179700032,0
68179700032,0
68179699982,0
68179699982,0
68179699982,0
68179699982,0
68179699982,0
68179699995,0
68179699995,0
68179699995,0
68179699995,0
68179699995,0
68179700024,0
68179700024,0
68179700024,0
68179700024,0
68179700024,0
68179700041,0
68179700041,0
68179700041,0
68179700041,0
68179700041,0
68179700041,0
68179700005,0
68179699972,0
68179700005,0
68179699972,0
68179700005,0
68179699972,0
68179700005,0
68179699972,0
68179700005,0
68179699972,0
68179700005,0
68179699972,0
68179700051,0
68179700014,0
68179699996,0
68179699983,0
68179700033,0
68179700013,0
68179699951,0
68179699984,0
68179700033,0
68179700015,0
68179700014,0
68179699983,0
68179699951,0
68179699984,0
68179700051,0
68179699996,0
68179700013,0
68179700033,0
68179700015,0
68179700014,0
68179699983,0
68179699951,0
68179699984,0
68179700051,0
68179699996,0
68179700013,0
68179700033,0
68179700015,0
68179700014,0
68179699983,0
68179699951,0
68179699984,0
68179700051,0
68179699996,0
68179700013,0
68179700014,0
68179699983,0
68179699951,0
68179699984,0
68179700051,0
68179700013,0
68179700042,0
68179699952,0
68179700062,0
68179700016,0
68179699952,0
68179700062,0
68179700042,0
68179700052,0
68179700052,0
68179700016,0
68179699952,0
68179700062,0
68179700042,0
68179700016,0
68179699952,0
68179700062,0
68179700042,0
68179700052,0
68179700052,0
68179700016,0
68179699952,0
68179700062,0
68179700042,0
68179700052,0
68179700016,0
68179700006,0
68179699965,0
68179699986,0
68179700034,0
68179700025,0
68179700053,0
68179700043,0
68179699953,0
68179699954,0
68179699985,0
68179699955,0
68179699973,0
68179699965,0
68179699986,0
68179699954,0
68179700006,0
68179700025,0
68179700043,0
68179699985,0
68179700034,0
68179700053,0
68179699953,0
68179699955,0
68179699973,0
68179699965,0
68179699986,0
68179699954,0
68179700006,0
68179700025,0
68179700043,0
68179699985,0
68179700034,0
68179700053,0
68179699953,0
68179699955,0
68179699973,0
68179699965,0
68179699986,0
68179699954,0
68179700006,0
68179700025,0
68179700043,0
68179699985,0
68179700034,0
68179700053,0
68179699953,0
68179699955,0
68179699973,0
68179699965,0
68179699986,0
68179699954,0
68179700006,0
68179700025,0
68179700043,0
68179699985,0
68179700034,0
68179700053,0
68179699953,0
68179699955,0
68179699973,0
68179699965,0
68179699986,0
68179699954,0
68179700015,0
68179700015,0
68179699996,0
68179699974,0
68179699974,0
68179699974,0
68179699974,0
68179699974,0
68179700024,0
68179700044,0
68179700044,0
68179700044,0
68179700044,0
68179700044,0
68179700044,0
68179699956,0
68179700063,0
68179699975,0
68179699956,0
68179699975,0
68179700063,0
68179699956,0
68179699975,0
68179700063,0
68179699956,0
68179699975,0
68179700063,0
68179699956,0
68179699975,0
68179700063,0
68179699956,0
68179699975,0
68179700064,0
68179700064,0
68179700064,0
68179700064,0
68179700064,0
68179700065,0
68179700065,0
68179700065,0
68179700065,0
68179700065,0
68179700065,0
68179700066,0
68179700066,0
68179700066,0
68179700066,0
68179700066,0
68179700066,0
68179700067,0
68179700067,0
68179700067,0
68179700067,0
68179700067,0
68179700067,0
68179700068,0
68179700068,0
68179700068,0
68179700068,0
68179700068,0
68179700068,0
68179700069,0
68179700069,0
68179700069,0
68179700069,0
68179700069,0
68179700069,0
68179700004,0
68179700004,0
68179700004,0
68179700004,0
68179700004,0
68179700032,0
68179700032,0
68179700032,0
68179700032,0
68179700032,0
68179699982,0
68179699982,0
68179699982,0
68179699982,0
68179699982,0
68179699995,0
68179699995,0
68179699995,0
68179699995,0
68179699995,0
68179700024,0
68179700024,0
68179700024,0
68179700024,0
68179700024,0
68179700041,0
68179700041,0
68179700041,0
68179700041,0
68179700041,0
68179700005,0
68179699972,0
68179700005,0
68179699972,0
68179700005,0
68179699972,0
68179700005,0
68179699972,0
68179700005,0
68179699972,0
68179699982,0
68179700051,0
68179700014,0
68179699996,0
68179699983,0
68179700015,0
68179700033,0
68179700013,0
68179699951,0
68179699984,0
68179700014,0
68179699983,0
68179699951,0
68179699984,0
68179700051,0
68179699996,0
68179700013,0
68179700033,0
68179700015,0
68179700014,0
68179699983,0
68179700070,0
68179699984,0
68179700051,0
68179699996,0
68179700013,0
68179700033,0
68179700015,0
68179700014,0
68179699983,0
68179700070,0
68179699984,0
68179700051,0
68179699996,0
68179700013,0
68179700014,0
68179699983,0
68179700070,0
68179699984,0
68179700051,0
68179700013,0
68179700014,0
68179699983,0
68179700070,0
68179699984,0
68179700016,0
68179700042,0
68179699952,0
68179700062,0
68179699952,0
68179700062,0
68179700042,0
68179700016,0
68179700052,0
68179699952,0
68179700062,0
68179700042,0
68179700016,0
68179700052,0
68179699952,0
68179700062,0
68179700042,0
68179700052,0
68179700016,0
68179699952,0
68179700062,0
68179700042,0
68179700052,0
68179700016,0
68179699952,0
68179700062,0
68179700052,0
68179699955,0
68179700006,0
68179700034,0
68179700025,0
68179700053,0
68179699973,0
68179700043,0
68179699953,0
68179699985,0
68179699965,0
68179699986,0
68179699954,0
68179700006,0
68179700025,0
68179700043,0
68179699985,0
68179700034,0
68179700053,0
68179700071,0
68179699955,0
68179699973,0
68179699965,0
68179699986,0
68179699954,0
68179700006,0
68179700025,0
68179700043,0
68179699985,0
68179700034,0
68179700053,0
68179700071,0
68179699955,0
68179699973,0
68179699965,0
68179699986,0
68179699954,0
68179700006,0
68179700025,0
68179700043,0
68179699985,0
68179700034,0
68179700053,0
68179700071,0
68179699955,0
68179699973,0
68179699965,0
68179699986,0
68179700072,0
68179700006,0
68179700025,0
68179700043,0
68179699985,0
68179700034,0
68179700053,0
68179700071,0
68179700073,0
68179699973,0
68179699965,0
68179699986,0
68179700072,0
68179700006,0
68179700025,0
68179700043,0
68179699985,0
68179700015,0
68179700015,0
68179699996,0
68179699974,0
68179699974,0
68179699974,0
68179699974,0
68179699974,0
68179700044,0
68179700044,0
68179700044,0
68179700044,0
68179700044,0
68179700063,0
68179699956,0
68179699975,0
68179700063,0
68179699956,0
68179699975,0
68179700063,0
68179699956,0
68179699975,0
68179700063,0
68179699956,0
68179699975,0
68179700063,0
68179700074,0
68179699975,0
68179700063,0
68179700075,0
68179700075,0
68179700075,0
68179700075,0
68179700075,0
68179700076,0
68179700076,0
68179700076,0
68179700076,0
68179700076,0
68179700076,0
68179700077,0
68179700077,0
68179700077,0
68179700077,0
68179700077,0
68179700077,0
68179700078,0
68179700078,0
68179700078,0
68179700078,0
68179700078,0
68179700078,0
68179700079,0
68179700079,0
68179700079,0
68179700079,0
68179700079,0
68179700079,0
68179700080,0
68179700080,0
68179700080,0
68179700080,0
68179700080,0
68179700080,0
68179700004,0
68179700004,0
68179700004,0
68179700004,0
68179700004,0
68179700032,0
68179700032,0
68179700032,0
68179700032,0
68179700032,0
68179699982,0
68179699982,0
68179699982,0
68179699982,0
68179699982,0
68179699995,0
68179699995,0
68179699995,0
68179699995,0
68179699995,0
68179700024,0
68179700024,0
68179700024,0
68179700024,0
68179700024,0
68179700041,0
68179700041,0
68179700041,0
68179700041,0
68179700041,0
68179700005,0
68179699972,0
68179700005,0
68179699972,0
68179700005,0
68179699972,0
68179700005,0
68179699972,0
68179700005,0
68179699972,0
68179700051,0
68179699996,0
68179700015,0
68179700033,0
68179700013,0
68179700014,0
68179699983,0
68179700070,0
68179699984,0
68179700051,0
68179699996,0
68179700013,0
68179700033,0
68179700015,0
68179700014,0
68179699983,0
68179700070,0
68179699984,0
68179700051,0
68179699996,0
68179700013,0
68179700033,0
68179700015,0
68179700014,0
68179699983,0
68179700070,0
68179699984,0
68179700051,0
68179699996,0
68179700013,0
68179700033,0
68179700015,0
68179700014,0
68179699983,0
68179700070,0
68179699984,0
68179700051,0
68179700013,0
68179700014,0
68179699983,0
68179700070,0
68179699984,0
68179700051,0
68179700013,0
68179700016,0
68179700042,0
68179700081,0
68179700062,0
68179700042,0
68179700016,0
68179700081,0
68179700062,0
68179700042,0
68179700016,0
68179700081,0
68179700062,0
68179700042,0
68179700016,0
68179700052,0
68179700081,0
68179700062,0
68179700042,0
68179700052,0
68179700016,0
68179700081,0
68179700062,0
68179700042,0
68179700052,0
68179700073,0
68179699986,0
68179700034,0
68179699965,0
68179700053,0
68179699973,0
68179700071,0
68179700072,0
68179700006,0
68179700025,0
68179700043,0
68179699985,0
68179700034,0
68179700053,0
68179700071,0
68179700052,0
68179700073,0
68179699973,0
68179700082,0
68179699986,0
68179700072,0
68179700006,0
68179700025,0
68179700043,0
68179699985,0
68179700034,0
68179700053,0
68179700071,0
68179700052,0
68179700073,0
68179699973,0
68179699986,0
68179700082,0
68179700072,0
68179700006,0
68179700025,0
68179700043,0
68179699985,0
68179700034,0
68179700053,0
68179700071,0
68179700073,0
68179699973,0
68179700082,0
68179699986,0
68179700072,0
68179700006,0
68179700025,0
68179700043,0
68179699985,0
68179700034,0
68179700053,0
68179700071,0
68179700073,0
68179699973,0
68179700082,0
68179699986,0
68179700072,0
68179700006,0
68179700025,0
68179700043,0
68179699985,0
68179700034,0
68179700053,0
68179700071,0
68179700015,0
68179699996,0
68179699974,0
68179699974,0
68179699974,0
68179699974,0
68179699974,0
68179699974,0
68179700044,0
68179700044,0
68179700044,0
68179700044,0
68179700044,0
68179699996,0
68179700074,0
68179699975,0
68179700063,0
68179700074,0
68179699975,0
68179700063,0
68179700074,0
68179699975,0
68179700063,0
68179700074,0
68179699975,0
68179700063,0
68179700074,0
68179699975,0
68179700063,0
68179700083,0
68179700083,0
68179700083,0
68179700083,0
68179700083,0
68179700084,0
68179700084,0
68179700084,0
68179700084,0
68179700084,0
68179700084,0
68179700085,0
68179700085,0
68179700085,0
68179700085,0
68179700085,0
68179700085,0
68179700086,0
68179700086,0
68179700086,0
68179700086,0
68179700086,0
68179700087,0
68179700088,0
68179700088,0
68179700088,0
68179700088,0
68179700088,0
68179700088,0
68179700089,0
68179700089,0
68179700089,0
68179700089,0
68179700089,0
68179700089,0
68179700004,0
68179700004,0
68179700004,0
68179700004,0
68179700004,0
68179700032,0
68179700032,0
68179700032,0
68179700032,0
68179700032,0
68179699982,0
68179699982,0
68179699982,0
68179699982,0
68179699982,0
68179699995,0
68179699995,0
68179699995,0
68179699995,0
68179699995,0
68179700024,0
68179700024,0
68179700024,0
68179700024,0
68179700024,0
68179700041,0
68179700041,0
68179700041,0
68179700041,0
68179700041,0
68179700005,0
68179699972,0
68179700005,0
68179699972,0
68179700005,0
68179700090,0
68179700005,0
68179700090,0
68179700005,0
68179700090,0
68179700014,0
68179699983,0
68179700015,0
68179700033,0
68179700070,0
68179699984,0
68179700051,0
68179699996,0
68179700013,0
68179700033,0
68179700015,0
68179700014,0
68179699983,0
68179700070,0
68179699984,0
68179700051,0
68179699996,0
68179700013,0
68179700033,0
68179700015,0
68179700014,0
68179699983,0
68179700070,0
68179699984,0
68179700051,0
68179699996,0
68179700013,0
68179700033,0
68179700015,0
68179700014,0
68179699983,0
68179700070,0
68179699984,0
68179700051,0
68179700013,0
68179700014,0
68179699983,0
68179700070,0
68179699984,0
68179700051,0
68179700013,0
68179700016,0
68179700081,0
68179700062,0
68179700042,0
68179700016,0
68179700081,0
68179700062,0
68179700042,0
68179700016,0
68179700081,0
68179700062,0
68179700042,0
68179700016,0
68179700052,0
68179700081,0
68179700062,0
68179700042,0
68179700052,0
68179700016,0
68179700081,0
68179700062,0
68179700042,0
68179700052,0
68179700016,0
68179700052,0
68179700073,0
68179700006,0
68179699986,0
68179700082,0
68179700025,0
68179699973,0
68179700043,0
68179700072,0
68179699985,0
68179700034,0
68179700053,0
68179700071,0
68179700052,0
68179700073,0
68179699973,0
68179700082,0
68179699986,0
68179700072,0
68179700006,0
68179700025,0
68179700043,0
68179699985,0
68179700034,0
68179700053,0
68179700071,0
68179700052,0
68179700073,0
68179699973,0
68179700082,0
68179699986,0
68179700072,0
68179700006,0
68179700025,0
68179700043,0
68179699985,0
68179700034,0
68179700053,0
68179700071,0
68179700073,0
68179699973,0
68179699986,0
68179700082,0
68179700072,0
68179700006,0
68179700025,0
68179700043,0
68179699985,0
68179700034,0
68179700053,0
68179700071,0
68179700073,0
68179700091,0
68179700082,0
68179699986,0
68179700072,0
68179700006,0
68179700025,0
68179700043,0
68179699985,0
68179700034,0
68179700053,0
68179700071,0
68179700073,0
68179700091,0
68179700015,0
68179699996,0
68179699996,0
68179699974,0
68179699974,0
68179700092,0
68179700092,0
68179700092,0
68179699995,0
68179700044,0
68179700044,0
68179700044,0
68179700044,0
68179700044,0
68179700015,0
68179700074,0
68179700063,0
68179699975,0
68179700074,0
68179699975,0
68179700063,0
68179700074,0
68179699975,0
68179700063,0
68179700074,0
68179699975,0
68179700063,0
68179700074,0
68179699975,0
68179700063,0
68179700093,0
68179700093,0
68179700093,0
68179700093,0
68179700093,0
68179700094,0
68179700094,0
68179700094,0
68179700094,0
68179700094,0
68179700094,0
68179700095,0
68179700095,0
68179700095,0
68179700095,0
68179700095,0
68179700095,0
68179700096,0
68179700096,0
68179700096,0
68179700096,0
68179700096,0
68179700096,0
68179700097,0
68179700097,0
68179700097,0
68179700097,0
68179700097,0
68179700097,0
68179700098,0
68179700098,0
68179700098,0
68179700098,0
68179700098,0
68179700098,0
68179700004,0
68179700004,0
68179700004,0
68179700004,0
68179700004,0
68179700004,0
68179700032,0
68179700032,0
68179700032,0
68179700032,0
68179700032,0
68179700032,0
68179699982,0
68179699982,0
68179699982,0
68179699982,0
68179699982,0
68179699995,0
68179699995,0
68179699995,0
68179699995,0
68179699995,0
68179700024,0
68179700024,0
68179700024,0
68179700024,0
68179700024,0
68179700041,0
68179700041,0
68179700041,0
68179700041,0
68179700041,0
68179700041,0
68179700005,0
68179700090,0
68179700005,0
68179700090,0
68179700005,0
68179700090,0
68179700005,0
68179700090,0
68179700005,0
68179700090,0
68179700005,0
68179700090,0
68179700051,0
68179700014,0
68179699996,0
68179699983,0
68179700033,0
68179700013,0
68179700070,0
68179699984,0
68179700033,0
68179700015,0
68179700014,0
68179700099,0
68179700070,0
68179699984,0
68179700051,0
68179699996,0
68179700013,0
68179700033,0
68179700015,0
68179700014,0
68179700099,0
68179700070,0
68179699984,0
68179700051,0
68179699996,0
68179700013,0
68179700033,0
68179700015,0
68179700014,0
68179700099,0
68179700070,0
68179699984,0
68179700051,0
68179699996,0
68179700013,0
68179700014,0
68179700099,0
68179700070,0
68179700100,0
68179700051,0
68179700013,0
68179700042,0
68179700081,0
68179700062,0
68179700016,0
68179700052,0
68179700081,0
68179700062,0
68179700042,0
68179700016,0
68179700081,0
68179700062,0
68179700042,0
68179700016,0
68179700081,0
68179700062,0
68179700052,0
68179700042,0
68179700052,0
68179700016,0
68179700081,0
68179700062,0
68179700042,0
68179700052,0
68179700016,0
68179700006,0
68179699986,0
68179700034,0
68179700082,0
68179700025,0
68179700053,0
68179700043,0
68179700071,0
68179700072,0
68179699985,0
68179700073,0
68179700091,0
68179700082,0
68179699986,0
68179700072,0
68179700006,0
68179700025,0
68179700043,0
68179700101,0
68179700034,0
68179700053,0
68179700071,0
68179700052,0
68179700073,0
68179700091,0
68179700082,0
68179700102,0
68179700072,0
68179700006,0
68179700025,0
68179700043,0
68179700101,0
68179700034,0
68179700053,0
68179700071,0
68179700073,0
68179700091,0
68179700102,0
68179700082,0
68179700072,0
68179700006,0
68179700025,0
68179700043,0
68179700101,0
68179700034,0
68179700053,0
68179700071,0
68179700073,0
68179700091,0
68179700082,0
68179700102,0
68179700072,0
68179700006,0
68179700025,0
68179700043,0
68179700101,0
68179700034,0
68179700053,0
68179700071,0
68179700073,0
68179700091,0
68179700082,0
68179700102,0
68179700072,0
68179700015,0
68179700015,0
68179699996,0
68179700092,0
68179700092,0
68179700092,0
68179700092,0
68179700092,0
68179700024,0
68179700044,0
68179700044,0
68179700044,0
68179700044,0
68179700044,0
68179700044,0
68179700074,0
68179700063,0
68179700103,0
68179700074,0
68179700103,0
68179700063,0
68179700074,0
68179700103,0
68179700063,0
68179700074,0
68179700103,0
68179700063,0
68179700074,0
68179700103,0
68179700063,0
68179700074,0
68179700103,0
68179700104,0
68179700104,0
68179700104,0
68179700104,0
68179700104,0
68179700105,0
68179700105,0
68179700105,0
68179700105,0
68179700105,0
68179700105,0
68179700106,0
68179700106,0
68179700106,0
68179700106,0
68179700106,0
68179700106,0
68179700107,0
68179700107,0
68179700107,0
68179700107,0
68179700107,0
68179700107,0
68179700108,0
68179700108,0
68179700108,0
68179700108,0
68179700108,0
68179700108,0
68179700109,0
68179700109,0
68179700109,0
68179700109,0
68179700109,0
68179700109,0
68179700004,0
68179700004,0
68179700004,0
68179700004,0
68179700004,0
68179700032,0
68179700032,0
68179700032,0
68179700032,0
68179700032,0
68179700110,0
68179700110,0
68179700110,0
68179700110,0
68179700110,0
68179699995,0
68179700111,0
68179700111,0
68179699995,0
68179699995,0
68179700024,0
68179700024,0
68179700024,0
68179700024,0
68179700024,0
68179700041,0
68179700041,0
68179700041,0
68179700041,0
68179700041,0
68179700005,0
68179700090,0
68179700005,0
68179700090,0
68179700005,0
68179700090,0
68179700005,0
68179700090,0
68179700005,0
68179700090,0
68179700110,0
68179700051,0
68179700014,0
68179699996,0
68179700099,0
68179700015,0
68179700033,0
68179700013,0
68179700070,0
68179700100,0
68179700014,0
68179700099,0
68179700070,0
68179700100,0
68179700051,0
68179700112,0
68179700013,0
68179700033,0
68179700015,0
68179700014,0
68179700099,0
68179700070,0
68179700100,0
68179700051,0
68179700112,0
68179700013,0
68179700033,0
68179700015,0
68179700014,0
68179700099,0
68179700070,0
68179700100,0
68179700051,0
68179700112,0
68179700013,0
68179700033,0
68179700015,0
68179700014,0
68179700099,0
68179700070,0
68179700100,0
68179700051,0
68179700013,0
68179700014,0
68179700099,0
68179700070,0
68179700100,0
68179700016,0
68179700042,0
68179700081,0
68179700062,0
68179700052,0
68179700081,0
68179700062,0
68179700042,0
68179700016,0
68179700081,0
68179700062,0
68179700042,0
68179700016,0
68179700052,0
68179700081,0
68179700062,0
68179700042,0
68179700016,0
68179700052,0
68179700081,0
68179700062,0
68179700042,0
68179700052,0
68179700016,0
68179700081,0
68179700062,0
68179700073,0
68179700006,0
68179700034,0
68179700025,0
68179700053,0
68179700091,0
68179700043,0
68179700071,0
68179700101,0
68179700082,0
68179700102,0
68179700072,0
68179700006,0
68179700025,0
68179700043,0
68179700101,0
68179700034,0
68179700053,0
68179700071,0
68179700052,0
68179700073,0
68179700091,0
68179700082,0
68179700102,0
68179700072,0
68179700006,0
68179700025,0
68179700043,0
68179700101,0
68179700034,0
68179700053,0
68179700071,0
68179700073,0
68179700091,0
68179700082,0
68179700102,0
68179700072,0
68179700006,0
68179700025,0
68179700043,0
68179700101,0
68179700034,0
68179700053,0
68179700071,0
68179700073,0
68179700091,0
68179700082,0
68179700102,0
68179700072,0
68179700006,0
68179700025,0
68179700043,0
68179700101,0
68179700034,0
68179700053,0
68179700071,0
68179700073,0
68179700091,0
68179700082,0
68179700102,0
68179700072,0
68179700006,0
68179700025,0
68179700043,0
68179700101,0
68179700015,0
68179700112,0
68179700092,0
68179700092,0
68179700092,0
68179700092,0
68179700092,0
68179700044,0
68179700044,0
68179700044,0
68179700044,0
68179700044,0
68179700063,0
68179700074,0
68179700103,0
68179700063,0
68179700074,0
68179700103,0
68179700063,0
68179700074,0
68179700103,0
68179700063,0
68179700074,0
68179700103,0
68179700063,0
68179700074,0
68179700103,0
68179700063,0
68179700113,0
68179700113,0
68179700113,0
68179700113,0
68179700113,0
68179700114,0
68179700114,0
68179700114,0
68179700114,0
68179700114,0
68179700115,0
68179700116,0
68179700116,0
68179700116,0
68179700116,0
68179700116,0
68179700116,0
68179700117,0
68179700117,0
68179700117,0
68179700117,0
68179700117,0
68179700117,0
68179700118,0
68179700118,0
68179700118,0
68179700118,0
68179700118,0
68179700118,0
68179700119,0
68179700119,0
68179700119,0
68179700119,0
68179700119,0
68179700119,0
68179700004,0
68179700120,0
68179700120,0
68179700120,0
68179700120,0
68179700032,0
68179700032,0
68179700032,0
68179700032,0
68179700032,0
68179700110,0
68179700110,0
68179700110,0
68179700110,0
68179700110,0
68179700111,0
68179700111,0
68179700111,0
68179700111,0
68179700111,0
68179700024,0
68179700024,0
68179700024,0
68179700024,0
68179700024,0
68179700041,0
68179700041,0
68179700041,0
68179700041,0
68179700041,0
68179700005,0
68179700090,0
68179700005,0
68179700090,0
68179700121,0
68179700090,0
68179700121,0
68179700090,0
68179700121,0
68179700090,0
68179700051,0
68179700112,0
68179700015,0
68179700033,0
68179700013,0
68179700014,0
68179700099,0
68179700070,0
68179700100,0
68179700051,0
68179700112,0
68179700013,0
68179700033,0
68179700015,0
68179700014,0
68179700099,0
68179700070,0
68179700100,0
68179700051,0
68179700112,0
68179700013,0
68179700033,0
68179700015,0
68179700014,0
68179700099,0
68179700070,0
68179700100,0
68179700051,0
68179700112,0
68179700013,0
68179700033,0
68179700015,0
68179700014,0
68179700099,0
68179700070,0
68179700100,0
68179700051,0
68179700013,0
68179700014,0
68179700099,0
68179700070,0
68179700100,0
68179700051,0
68179700013,0
68179700016,0
68179700042,0
68179700081,0
68179700062,0
68179700052,0
68179700042,0
68179700016,0
68179700052,0
68179700081,0
68179700062,0
68179700042,0
68179700016,0
68179700052,0
68179700081,0
68179700062,0
68179700042,0
68179700016,0
68179700052,0
68179700081,0
68179700062,0
68179700042,0
68179700052,0
68179700016,0
68179700081,0
68179700062,0
68179700042,0
68179700073,0
68179700102,0
68179700034,0
68179700082,0
68179700053,0
68179700091,0
68179700071,0
68179700072,0
68179700006,0
68179700025,0
68179700043,0
68179700101,0
68179700034,0
68179700053,0
68179700071,0
68179700073,0
68179700091,0
68179700082,0
68179700102,0
68179700072,0
68179700006,0
68179700025,0
68179700043,0
68179700101,0
68179700034,0
68179700053,0
68179700071,0
68179700073,0
68179700091,0
68179700082,0
68179700102,0
68179700072,0
68179700006,0
68179700025,0
68179700043,0
68179700101,0
68179700034,0
68179700053,0
68179700071,0
68179700073,0
68179700091,0
68179700082,0
68179700102,0
68179700072,0
68179700006,0
68179700025,0
68179700043,0
68179700101,0
68179700034,0
68179700053,0
68179700071,0
68179700073,0
68179700091,0
68179700082,0
68179700102,0
68179700072,0
68179700122,0
68179700025,0
68179700043,0
68179700101,0
68179700034,0
68179700053,0
68179700071,0
68179700015,0
68179700112,0
68179700092,0
68179700092,0
68179700092,0
68179700092,0
68179700092,0
68179700092,0
68179700044,0
68179700044,0
68179700044,0
68179700044,0
68179700044,0
68179700112,0
68179700074,0
68179700103,0
68179700063,0
68179700074,0
68179700103,0
68179700063,0
68179700074,0
68179700103,0
68179700063,0
68179700074,0
68179700103,0
68179700063,0
68179700074,0
68179700103,0
68179700063,0
68179700123,0
68179700123,0
68179700123,0
68179700123,0
68179700123,0
68179700124,0
68179700124,0
68179700124,0
68179700124,0
68179700124,0
68179700124,0
68179700125,0
68179700125,0
68179700125,0
68179700125,0
68179700125,0
68179700125,0
68179700126,0
68179700126,0
68179700126,0
68179700126,0
68179700126,0
68179700126,0
68179700127,0
68179700127,0
68179700127,0
68179700127,0
68179700127,0
68179700127,0
68179700128,0
68179700128,0
68179700128,0
68179700128,0
68179700128,0
68179700128,0
68179700120,0
68179700120,0
68179700120,0
68179700120,0
68179700120,0
68179700032,0
68179700032,0
68179700032,0
68179700032,0
68179700032,0
68179700110,0
68179700110,0
68179700110,0
68179700110,0
68179700110,0
68179700111,0
68179700111,0
68179700111,0
68179700111,0
68179700111,0
68179700024,0
68179700024,0
68179700024,0
68179700024,0
68179700024,0
68179700041,0
68179700041,0
68179700041,0
68179700041,0
68179700041,0
68179700121,0
68179700090,0
68179700121,0
68179700090,0
68179700121,0
68179700090,0
68179700121,0
68179700090,0
68179700121,0
68179700090,0
68179700014,0
68179700099,0
68179700015,0
68179700033,0
68179700070,0
68179700100,0
68179700051,0
68179700112,0
68179700013,0
68179700033,0
68179700015,0
68179700014,0
68179700099,0
68179700070,0
68179700100,0
68179700051,0
68179700112,0
68179700129,0
68179700033,0
68179700015,0
68179700014,0
68179700099,0
68179700070,0
68179700100,0
68179700051,0
68179700112,0
68179700129,0
68179700033,0
68179700015,0
68179700130,0
68179700099,0
68179700070,0
68179700100,0
68179700051,0
68179700129,0
68179700130,0
68179700099,0
68179700070,0
68179700100,0
68179700051,0
68179700129,0
68179700016,0
68179700081,0
68179700062,0
68179700042,0
68179700016,0
68179700052,0
68179700081,0
68179700062,0
68179700042,0
68179700016,0
68179700081,0
68179700062,0
68179700042,0
68179700052,0
68179700016,0
68179700052,0
68179700081,0
68179700062,0
68179700042,0
68179700052,0
68179700016,0
68179700081,0
68179700062,0
68179700042,0
68179700052,0
68179700131,0
68179700052,0
68179700082,0
68179700073,0
68179700122,0
68179700102,0
68179700025,0
68179700091,0
68179700043,0
68179700072,0
68179700101,0
68179700034,0
68179700053,0
68179700071,0
68179700073,0
68179700091,0
68179700082,0
68179700102,0
68179700072,0
68179700122,0
68179700025,0
68179700043,0
68179700101,0
68179700034,0
68179700053,0
68179700071,0
68179700073,0
68179700091,0
68179700082,0
68179700102,0
68179700072,0
68179700122,0
68179700025,0
68179700043,0
68179700101,0
68179700034,0
68179700053,0
68179700071,0
68179700073,0
68179700091,0
68179700082,0
68179700102,0
68179700072,0
68179700122,0
68179700025,0
68179700043,0
68179700101,0
68179700034,0
68179700053,0
68179700071,0
68179700073,0
68179700091,0
68179700082,0
68179700102,0
68179700072,0
68179700122,0
68179700025,0
68179700043,0
68179700101,0
68179700034,0
68179700053,0
68179700071,0
68179700073,0
68179700091,0
68179700132,0
68179700112,0
68179700112,0
68179700092,0
68179700092,0
68179700092,0
68179700092,0
68179700092,0
68179700111,0
68179700044,0
68179700044,0
68179700044,0
68179700044,0
68179700044,0
68179700132,0
68179700074,0
68179700063,0
68179700103,0
68179700074,0
68179700103,0
68179700063,0
68179700074,0
68179700103,0
68179700063,0
68179700074,0
68179700103,0
68179700063,0
68179700074,0
68179700103,0
68179700063,0
68179700133,0
68179700133,0
68179700133,0
68179700133,0
68179700133,0
68179700134,0
68179700134,0
68179700134,0
68179700134,0
68179700134,0
68179700134,0
68179700135,0
68179700135,0
68179700135,0
68179700135,0
68179700135,0
68179700135,0
68179700136,0
68179700136,0
68179700136,0
68179700136,0
68179700136,0
68179700136,0
68179700137,0
68179700137,0
68179700137,0
68179700137,0
68179700137,0
68179700137,0
68179700138,0
68179700138,0
68179700138,0
68179700138,0
68179700138,0
68179700138,0
68179700120,0
68179700120,0
68179700120,0
68179700120,0
68179700120,0
68179700120,0
68179700032,0
68179700032,0
68179700032,0
68179700032,0
68179700032,0
68179700032,0
68179700110,0
68179700110,0
68179700110,0
68179700110,0
68179700110,0
68179700111,0
68179700111,0
68179700111,0
68179700111,0
68179700111,0
68179700024,0
68179700139,0
68179700139,0
68179700139,0
68179700139,0
68179700041,0
68179700041,0
68179700041,0
68179700041,0
68179700041,0
68179700041,0
68179700121,0
68179700090,0
68179700121,0
68179700090,0
68179700121,0
68179700090,0
68179700121,0
68179700090,0
68179700121,0
68179700090,0
68179700121,0
68179700090,0
68179700051,0
68179700130,0
68179700099,0
68179700112,0
68179700033,0
68179700129,0
68179700070,0
68179700100,0
68179700033,0
68179700132,0
68179700130,0
68179700099,0
68179700070,0
68179700100,0
68179700051,0
68179700112,0
68179700129,0
68179700033,0
68179700132,0
68179700130,0
68179700099,0
68179700070,0
68179700100,0
68179700051,0
68179700112,0
68179700129,0
68179700033,0
68179700132,0
68179700130,0
68179700099,0
68179700070,0
68179700100,0
68179700051,0
68179700112,0
68179700129,0
68179700130,0
68179700099,0
68179700070,0
68179700100,0
68179700051,0
68179700129,0
68179700042,0
68179700081,0
68179700062,0
68179700131,0
68179700081,0
68179700062,0
68179700042,0
68179700131,0
68179700081,0
68179700062,0
68179700042,0
68179700052,0
68179700131,0
68179700081,0
68179700062,0
68179700042,0
68179700052,0
68179700131,0
68179700081,0
68179700062,0
68179700042,0
68179700052,0
68179700131,0
68179700082,0
68179700122,0
68179700102,0
68179700034,0
68179700025,0
68179700053,0
68179700043,0
68179700071,0
68179700072,0
68179700101,0
68179700052,0
68179700073,0
68179700091,0
68179700082,0
68179700102,0
68179700072,0
68179700122,0
68179700025,0
68179700043,0
68179700101,0
68179700034,0
68179700053,0
68179700071,0
68179700052,0
68179700073,0
68179700091,0
68179700082,0
68179700102,0
68179700072,0
68179700122,0
68179700025,0
68179700043,0
68179700101,0
68179700034,0
68179700053,0
68179700071,0
68179700073,0
68179700091,0
68179700082,0
68179700102,0
68179700072,0
68179700122,0
68179700025,0
68179700043,0
68179700101,0
68179700034,0
68179700053,0
68179700071,0
68179700073,0
68179700091,0
68179700082,0
68179700102,0
68179700072,0
68179700122,0
68179700140,0
68179700043,0
68179700101,0
68179700034,0
68179700053,0
68179700071,0
68179700073,0
68179700091,0
68179700102,0
68179700082,0
68179700072,0
68179700132,0
68179700132,0
68179700112,0
68179700092,0
68179700092,0
68179700092,0
68179700092,0
68179700092,0
68179700139,0
68179700044,0
68179700044,0
68179700044,0
68179700044,0
68179700044,0
68179700044,0
68179700074,0
68179700063,0
68179700103,0
68179700074,0
68179700103,0
68179700063,0
68179700074,0
68179700103,0
68179700063,0
68179700074,0
68179700103,0
68179700063,0
68179700074,0
68179700103,0
68179700063,0
68179700074,0
68179700103,0
68179700141,0
68179700141,0
68179700141,0
68179700141,0
68179700141,0
68179700142,0
68179700142,0
68179700142,0
68179700142,0
68179700142,0
68179700142,0
68179700143,0
68179700143,0
68179700143,0
68179700143,0
68179700143,0
68179700143,0
68179700144,0
68179700144,0
68179700144,0
68179700144,0
68179700144,0
68179700144,0
68179700145,0
68179700145,0
68179700145,0
68179700145,0
68179700145,0
68179700145,0
68179700146,0
68179700146,0
68179700146,0
68179700146,0
68179700146,0
68179700146,0
68179700120,0
68179700120,0
68179700120,0
68179700120,0
68179700120,0
68179700032,0
68179700032,0
68179700147,0
68179700147,0
68179700147,0
68179700110,0
68179700110,0
68179700110,0
68179700110,0
68179700110,0
68179700111,0
68179700111,0
68179700111,0
68179700111,0
68179700111,0
68179700139,0
68179700139,0
68179700139,0
68179700139,0
68179700139,0
68179700041,0
68179700041,0
68179700041,0
68179700041,0
68179700041,0
68179700121,0
68179700090,0
68179700121,0
68179700090,0
68179700121,0
68179700090,0
68179700121,0
68179700090,0
68179700121,0
68179700090,0
68179700110,0
68179700051,0
68179700130,0
68179700112,0
68179700099,0
68179700132,0
68179700033,0
68179700129,0
68179700070,0
68179700100,0
68179700130,0
68179700099,0
68179700070,0
68179700100,0
68179700051,0
68179700112,0
68179700129,0
68179700132,0
68179700033,0
68179700130,0
68179700099,0
68179700070,0
68179700100,0
68179700051,0
68179700112,0
68179700129,0
68179700033,0
68179700132,0
68179700130,0
68179700099,0
68179700070,0
68179700100,0
68179700051,0
68179700112,0
68179700129,0
68179700033,0
68179700132,0
68179700130,0
68179700099,0
68179700070,0
68179700100,0
68179700051,0
68179700129,0
68179700130,0
68179700099,0
68179700070,0
68179700100,0
68179700131,0
68179700042,0
68179700081,0
68179700062,0
68179700052,0
68179700081,0
68179700062,0
68179700042,0
68179700052,0
68179700131,0
68179700081,0
68179700062,0
68179700042,0
68179700131,0
68179700052,0
68179700081,0
68179700062,0
68179700042,0
68179700131,0
68179700052,0
68179700081,0
68179700062,0
68179700042,0
68179700052,0
68179700131,0
68179700081,0
68179700062,0
68179700073,0
68179700122,0
68179700034,0
68179700140,0
68179700053,0
68179700091,0
68179700043,0
68179700071,0
68179700101,0
68179700082,0
68179700102,0
68179700072,0
68179700122,0
68179700140,0
68179700043,0
68179700101,0
68179700034,0
68179700053,0
68179700071,0
68179700073,0
68179700091,0
68179700082,0
68179700102,0
68179700072,0
68179700122,0
68179700140,0
68179700043,0
68179700101,0
68179700148,0
68179700053,0
68179700071,0
68179700073,0
68179700091,0
68179700102,0
68179700082,0
68179700072,0
68179700122,0
68179700140,0
68179700043,0
68179700101,0
68179700148,0
68179700053,0
68179700071,0
68179700073,0
68179700091,0
68179700082,0
68179700102,0
68179700072,0
68179700122,0
68179700140,0
68179700043,0
68179700101,0
68179700148,0
68179700053,0
68179700071,0
68179700073,0
68179700091,0
68179700082,0
68179700102,0
68179700072,0
68179700122,0
68179700140,0
68179700043,0
68179700101,0
68179700132,0
68179700112,0
68179700092,0
68179700092,0
68179700092,0
68179700092,0
68179700092,0
68179700044,0
68179700044,0
68179700044,0
68179700044,0
68179700044,0
68179700063,0
68179700074,0
68179700103,0
68179700063,0
68179700074,0
68179700103,0
68179700063,0
68179700074,0
68179700103,0
68179700063,0
68179700074,0
68179700103,0
68179700063,0
68179700074,0
68179700103,0
68179700063,0
68179700149,0
68179700149,0
68179700149,0
68179700149,0
68179700149,0
68179700150,0
68179700150,0
68179700150,0
68179700150,0
68179700150,0
68179700150,0
68179700151,0
68179700151,0
68179700151,0
68179700151,0
68179700151,0
68179700151,0
68179700152,0
68179700152,0
68179700152,0
68179700152,0
68179700152,0
68179700152,0
68179700153,0
68179700153,0
68179700153,0
68179700153,0
68179700153,0
68179700154,0
68179700155,0
68179700155,0
68179700155,0
68179700155,0
68179700155,0
68179700156,0
68179700120,0
68179700120,0
68179700120,0
68179700120,0
68179700120,0
68179700147,0
68179700147,0
68179700147,0
68179700147,0
68179700147,0
68179700110,0
68179700110,0
68179700110,0
68179700110,0
68179700110,0
68179700111,0
68179700111,0
68179700111,0
68179700111,0
68179700111,0
68179700139,0
68179700139,0
68179700139,0
68179700139,0
68179700139,0
68179700041,0
68179700157,0
68179700157,0
68179700157,0
68179700157,0
68179700121,0
68179700090,0
68179700121,0
68179700090,0
68179700121,0
68179700090,0
68179700121,0
68179700090,0
68179700121,0
68179700090,0
68179700051,0
68179700112,0
68179700132,0
68179700158,0
68179700129,0
68179700130,0
68179700099,0
68179700070,0
68179700100,0
68179700051,0
68179700112,0
68179700129,0
68179700132,0
68179700158,0
68179700130,0
68179700099,0
68179700070,0
68179700100,0
68179700051,0
68179700112,0
68179700129,0
68179700158,0
68179700132,0
68179700130,0
68179700099,0
68179700070,0
68179700100,0
68179700051,0
68179700112,0
68179700129,0
68179700158,0
68179700132,0
68179700130,0
68179700099,0
68179700070,0
68179700100,0
68179700051,0
68179700129,0
68179700130,0
68179700099,0
68179700070,0
68179700100,0
68179700051,0
68179700129,0
68179700131,0
68179700042,0
68179700081,0
68179700062,0
68179700052,0
68179700042,0
68179700131,0
68179700052,0
68179700081,0
68179700062,0
68179700042,0
68179700131,0
68179700052,0
68179700081,0
68179700062,0
68179700042,0
68179700131,0
68179700052,0
68179700081,0
68179700062,0
68179700159,0
68179700052,0
68179700131,0
68179700081,0
68179700062,0
68179700159,0
68179700082,0
68179700073,0
68179700102,0
68179700148,0
68179700053,0
68179700091,0
68179700071,0
68179700072,0
68179700122,0
68179700140,0
68179700043,0
68179700101,0
68179700148,0
68179700053,0
68179700071,0
68179700073,0
68179700091,0
68179700082,0
68179700102,0
68179700072,0
68179700122,0
68179700140,0
68179700043,0
68179700101,0
68179700148,0
68179700053,0
68179700071,0
68179700073,0
68179700091,0
68179700082,0
68179700102,0
68179700072,0
68179700122,0
68179700140,0
68179700043,0
68179700101,0
68179700148,0
68179700053,0
68179700071,0
68179700073,0
68179700091,0
68179700082,0
68179700102,0
68179700072,0
68179700122,0
68179700140,0
68179700043,0
68179700101,0
68179700148,0
68179700053,0
68179700071,0
68179700073,0
68179700091,0
68179700082,0
68179700102,0
68179700072,0
68179700122,0
68179700140,0
68179700160,0
68179700101,0
68179700148,0
68179700053,0
68179700071,0
68179700132,0
68179700112,0
68179700092,0
68179700092,0
68179700092,0
68179700092,0
68179700092,0
68179700092,0
68179700044,0
68179700161,0
68179700161,0
68179700161,0
68179700161,0
68179700112,0
68179700074,0
68179700103,0
68179700063,0
68179700074,0
68179700103,0
68179700063,0
68179700074,0
68179700103,0
68179700063,0
68179700074,0
68179700103,0
68179700063,0
68179700074,0
68179700103,0
68179700063,0
2719162761,0
2719162761,0
2719162761,0
2719162761,0
2719162761,0
2719162762,0
2719162762,0
2719162762,0
2719162762,0
2719162762,0
2719162762,0
2719162763,0
2719162763,0
2719162764,0
2719162764,0
2719162764,0
2719162764,0
2719162765,0
2719162765,0
2719162765,0
2719162765,0
2719162765,0
2719162765,0
2719162766,0
2719162766,0
2719162766,0
2719162766,0
2719162766,0
2719162766,0
2719162767,0
2719162767,0
2719162767,0
2719162767,0
2719162767,0
2719162767,0
68179700120,0
68179700120,0
68179700120,0
68179700120,0
68179700120,0
68179700147,0
68179700147,0
68179700147,0
68179700147,0
68179700147,0
68179700110,0
68179700110,0
68179700110,0
68179700110,0
68179700110,0
68179700111,0
68179700111,0
68179700111,0
68179700111,0
68179700111,0
68179700139,0
68179700139,0
68179700139,0
68179700139,0
68179700139,0
68179700157,0
68179700157,0
68179700157,0
68179700157,0
68179700157,0
68179700121,0
68179700090,0
68179700121,0
68179700090,0
68179700121,0
68179700090,0
68179700121,0
68179700090,0
68179700121,0
68179700090,0
68179700130,0
68179700099,0
68179700132,0
68179700158,0
68179700070,0
68179700100,0
68179700051,0
68179700112,0
68179700129,0
68179700158,0
68179700132,0
68179700130,0
68179700099,0
68179700070,0
68179700100,0
68179700051,0
68179700112,0
68179700129,0
68179700158,0
68179700132,0
68179700130,0
68179700099,0
68179700070,0
68179700100,0
2719162768,0
68179700112,0
68179700129,0
68179700158,0
68179700132,0
68179700130,0
68179700099,0
68179700070,0
68179700100,0
2719162768,0
68179700129,0
68179700130,0
68179700099,0
68179700070,0
68179700100,0
2719162768,0
68179700129,0
68179700131,0
68179700081,0
68179700062,0
68179700159,0
68179700131,0
68179700052,0
68179700081,0
68179700062,0
68179700159,0
68179700131,0
68179700052,0
68179700081,0
68179700062,0
68179700159,0
68179700131,0
68179700081,0
68179700062,0
68179700052,0
68179700159,0
68179700052,0
68179700131,0
68179700081,0
68179700062,0
68179700159,0
2719162769,0
68179700131,0
68179700052,0
68179700082,0
68179700073,0
68179700122,0
68179700102,0
68179700140,0
68179700091,0
68179700160,0
68179700072,0
68179700101,0
68179700148,0
68179700053,0
68179700071,0
68179700073,0
68179700091,0
68179700082,0
68179700102,0
68179700072,0
68179700122,0
68179700140,0
68179700160,0
68179700101,0
68179700148,0
2719162770,0
68179700071,0
68179700073,0
68179700091,0
68179700082,0
68179700102,0
68179700072,0
68179700122,0
68179700140,0
68179700160,0
68179700101,0
68179700148,0
2719162770,0
68179700071,0
68179700073,0
68179700091,0
68179700082,0
68179700102,0
68179700072,0
68179700122,0
68179700140,0
68179700160,0
68179700101,0
68179700148,0
2719162770,0
68179700071,0
68179700073,0
68179700091,0
68179700082,0
68179700102,0
68179700072,0
68179700122,0
68179700140,0
68179700160,0
68179700101,0
68179700148,0
2719162770,0
68179700071,0
68179700073,0
68179700091,0
68179700132,0
68179700112,0
68179700112,0
68179700092,0
68179700092,0
68179700092,0
68179700092,0
68179700092,0
68179700111,0
68179700161,0
68179700161,0
68179700161,0
68179700161,0
68179700161,0
68179700132,0
68179700074,0
68179700063,0
68179700103,0
68179700074,0
68179700103,0
68179700063,0
68179700074,0
68179700103,0
68179700063,0
68179700074,0
68179700103,0
68179700063,0
68179700074,0
68179700103,0
68179700063,0
2719162771,0
2719162771,0
2719162771,0
2719162771,0
2719162771,0
2719162772,0
2719162772,0
2719162772,0
2719162772,0
2719162772,0
2719162772,0
2719162773,0
2719162773,0
2719162773,0
2719162773,0
2719162773,0
2719162773,0
2719162774,0
2719162774,0
2719162774,0
2719162774,0
2719162774,0
2719162774,0
2719162775,0
2719162775,0
2719162775,0
2719162775,0
2719162775,0
2719162775,0
2719162776,0
2719162776,0
2719162776,0
2719162776,0
2719162776,0
2719162776,0
68179700120,0
68179700120,0
68179700120,0
68179700120,0
68179700120,0
68179700120,0
68179700147,0
68179700147,0
68179700147,0
68179700147,0
68179700147,0
68179700147,0
68179700110,0
68179700110,0
68179700110,0
68179700110,0
68179700110,0
68179700111,0
68179700111,0
68179700111,0
68179700111,0
68179700111,0
68179700139,0
68179700139,0
68179700139,0
68179700139,0
68179700139,0
68179700157,0
68179700157,0
68179700157,0
68179700157,0
68179700157,0
68179700157,0
68179700121,0
68179700090,0
68179700121,0
68179700090,0
68179700121,0
68179700090,0
68179700121,0
68179700090,0
68179700121,0
68179700090,0
68179700121,0
68179700090,0
2719162768,0
68179700130,0
68179700099,0
68179700112,0
68179700158,0
68179700129,0
68179700070,0
68179700100,0
68179700158,0
68179700132,0
68179700130,0
68179700099,0
68179700070,0
68179700100,0
2719162768,0
68179700129,0
68179700112,0
68179700158,0
68179700132,0
68179700130,0
68179700099,0
68179700070,0
68179700100,0
2719162768,0
68179700112,0
68179700129,0
68179700158,0
68179700132,0
68179700130,0
68179700099,0
68179700070,0
68179700100,0
2719162768,0
68179700112,0
68179700129,0
68179700130,0
68179700099,0
68179700070,0
68179700100,0
2719162768,0
68179700129,0
68179700159,0
68179700081,0
68179700062,0
68179700131,0
2719162769,0
68179700081,0
2719162777,0
68179700159,0
68179700131,0
68179700081,0
2719162777,0
2719162769,0
68179700159,0
2719162769,0
68179700131,0
68179700081,0
2719162777,0
68179700159,0
2719162769,0
68179700131,0
68179700081,0
2719162777,0
68179700159,0
2719162769,0
68179700131,0
68179700122,0
68179700102,0
68179700148,0
68179700082,0
68179700140,0
2719162770,0
68179700160,0
68179700071,0
68179700072,0
68179700101,0
68179700073,0
68179700091,0
68179700082,0
68179700102,0
68179700072,0
68179700122,0
68179700140,0
68179700160,0
68179700101,0
68179700148,0
2719162770,0
68179700071,0
68179700073,0
68179700091,0
68179700082,0
68179700102,0
68179700072,0
68179700122,0
68179700140,0
68179700160,0
68179700101,0
68179700148,0
2719162770,0
68179700071,0
68179700073,0
68179700091,0
68179700082,0
68179700102,0
68179700072,0
68179700122,0
68179700140,0
68179700160,0
68179700101,0
68179700148,0
2719162770,0
68179700071,0
68179700073,0
68179700091,0
68179700082,0
68179700102,0
68179700072,0
68179700122,0
68179700140,0
68179700160,0
68179700101,0
68179700148,0
2719162770,0
68179700071,0
68179700073,0
68179700091,0
68179700082,0
68179700102,0
68179700072,0
68179700132,0
68179700132,0
68179700112,0
68179700092,0
68179700092,0
68179700092,0
68179700092,0
68179700092,0
68179700139,0
68179700161,0
68179700161,0
68179700161,0
68179700161,0
68179700161,0
68179700161,0
68179700074,0
68179700063,0
68179700103,0
68179700074,0
68179700103,0
2719162778,0
68179700074,0
68179700103,0
2719162778,0
68179700074,0
68179700103,0
2719162778,0
68179700074,0
68179700103,0
2719162778,0
68179700074,0
68179700103,0
2719162779,0
2719162779,0
2719162779,0
2719162779,0
2719162779,0
2719162780,0
2719162780,0
2719162780,0
2719162780,0
2719162780,0
2719162780,0
2719162781,0
2719162781,0
2719162781,0
2719162781,0
2719162781,0
2719162781,0
2719162782,0
2719162782,0
2719162782,0
2719162782,0
2719162782,0
2719162782,0
2719162783,0
2719162783,0
2719162783,0
2719162783,0
2719162783,0
2719162783,0
2719162784,0
2719162784,0
2719162784,0
2719162784,0
2719162784,0
2719162784,0
68179700120,0
68179700120,0
68179700120,0
68179700120,0
68179700120,0
68179700147,0
68179700147,0
68179700147,0
68179700147,0
68179700147,0
68179700110,0
68179700110,0
68179700110,0
68179700110,0
68179700110,0
68179700111,0
68179700111,0
68179700111,0
68179700111,0
68179700111,0
68179700139,0
68179700139,0
68179700139,0
68179700139,0
68179700139,0
68179700157,0
68179700157,0
68179700157,0
68179700157,0
68179700157,0
68179700121,0
68179700090,0
68179700121,0
68179700090,0
68179700121,0
68179700090,0
68179700121,0
68179700090,0
68179700121,0
68179700090,0
68179700110,0
2719162768,0
68179700130,0
68179700112,0
68179700132,0
68179700099,0
68179700158,0
68179700129,0
68179700070,0
68179700100,0
68179700130,0
68179700099,0
68179700070,0
68179700100,0
2719162768,0
68179700112,0
68179700129,0
68179700132,0
68179700158,0
68179700130,0
68179700099,0
68179700070,0
68179700100,0
2719162768,0
68179700112,0
68179700129,0
68179700132,0
68179700158,0
68179700130,0
68179700099,0
2719162785,0
68179700100,0
2719162768,0
68179700112,0
68179700129,0
68179700158,0
68179700132,0
68179700130,0
68179700099,0
2719162785,0
68179700100,0
2719162768,0
68179700129,0
68179700130,0
68179700099,0
2719162785,0
68179700100,0
68179700131,0
68179700159,0
68179700081,0
2719162777,0
2719162769,0
68179700081,0
2719162777,0
68179700159,0
2719162769,0
68179700131,0
68179700081,0
2719162777,0
68179700159,0
2719162769,0
68179700131,0
68179700081,0
2719162777,0
68179700159,0
68179700131,0
2719162769,0
68179700081,0
2719162777,0
68179700159,0
2719162769,0
68179700131,0
68179700081,0
2719162777,0
68179700073,0
68179700122,0
68179700148,0
68179700140,0
2719162770,0
68179700091,0
68179700160,0
68179700071,0
68179700101,0
68179700082,0
68179700102,0
68179700072,0
68179700122,0
68179700140,0
68179700160,0
68179700101,0
68179700148,0
2719162770,0
68179700071,0
68179700073,0
68179700091,0
68179700082,0
68179700102,0
68179700072,0
68179700122,0
68179700140,0
68179700160,0
68179700101,0
68179700148,0
2719162770,0
2719162786,0
68179700073,0
68179700091,0
68179700102,0
68179700082,0
68179700072,0
68179700122,0
68179700140,0
68179700160,0
68179700101,0
68179700148,0
2719162770,0
2719162786,0
68179700073,0
68179700091,0
68179700082,0
68179700102,0
68179700072,0
68179700122,0
68179700140,0
68179700160,0
68179700101,0
68179700148,0
2719162770,0
2719162786,0
68179700073,0
68179700091,0
68179700082,0
68179700102,0
2719162787,0
68179700122,0
68179700140,0
68179700160,0
68179700101,0
68179700132,0
68179700112,0
68179700092,0
68179700092,0
68179700092,0
68179700092,0
68179700092,0
68179700161,0
68179700161,0
68179700161,0
68179700161,0
68179700161,0
2719162778,0
68179700074,0
68179700103,0
2719162778,0
68179700074,0
68179700103,0
2719162778,0
68179700074,0
68179700103,0
2719162778,0
68179700074,0
68179700103,0
2719162778,0
68179700074,0
68179700103,0
2719162778,0
2719162788,0
2719162788,0
2719162788,0
2719162788,0
2719162788,0
2719162789,0
2719162789,0
2719162789,0
2719162789,0
2719162789,0
2719162789,0
2719162790,0
2719162790,0
2719162790,0
2719162790,0
2719162790,0
2719162790,0
2719162791,0
2719162791,0
2719162791,0
2719162791,0
2719162791,0
2719162791,0
2719162792,0
2719162792,0
2719162792,0
2719162792,0
2719162792,0
2719162792,0
2719162793,0
2719162793,0
2719162793,0
2719162793,0
2719162793,0
2719162793,0
68179700120,0
68179700120,0
68179700120,0
68179700120,0
68179700120,0
68179700147,0
68179700147,0
68179700147,0
68179700147,0
68179700147,0
68179700110,0
68179700110,0
68179700110,0
68179700110,0
68179700110,0
68179700111,0
68179700111,0
68179700111,0
68179700111,0
68179700111,0
68179700139,0
68179700139,0
68179700139,0
68179700139,0
68179700139,0
68179700157,0
68179700157,0
68179700157,0
68179700157,0
68179700157,0
68179700121,0
68179700090,0
68179700121,0
68179700090,0
68179700121,0
68179700090,0
68179700121,0
68179700090,0
68179700121,0
68179700090,0
2719162768,0
68179700112,0
68179700132,0
68179700158,0
68179700129,0
68179700130,0
68179700099,0
2719162785,0
68179700100,0
2719162768,0
68179700112,0
68179700129,0
68179700132,0
68179700158,0
68179700130,0
68179700099,0
2719162785,0
68179700100,0
2719162768,0
68179700112,0
68179700129,0
68179700158,0
68179700132,0
68179700130,0
68179700099,0
2719162785,0
68179700100,0
2719162768,0
68179700112,0
68179700129,0
68179700158,0
68179700132,0
68179700130,0
68179700099,0
2719162785,0
68179700100,0
2719162768,0
68179700129,0
68179700130,0
68179700099,0
2719162785,0
68179700100,0
2719162768,0
68179700129,0
68179700131,0
68179700159,0
2719162769,0
68179700081,0
2719162777,0
68179700159,0
2719162769,0
68179700131,0
2719162794,0
2719162777,0
68179700159,0
68179700131,0
2719162769,0
2719162794,0
2719162777,0
68179700159,0
68179700131,0
2719162794,0
2719162777,0
2719162769,0
68179700159,0
2719162769,0
68179700131,0
2719162794,0
2719162777,0
68179700159,0
68179700082,0
2719162795,0
68179700102,0
68179700148,0
2719162770,0
68179700091,0
2719162786,0
2719162787,0
68179700122,0
68179700140,0
68179700160,0
68179700101,0
68179700148,0
2719162770,0
2719162786,0
2719162795,0
68179700091,0
68179700082,0
68179700102,0
2719162787,0
68179700122,0
68179700140,0
68179700160,0
68179700101,0
68179700148,0
2719162770,0
2719162786,0
2719162795,0
68179700091,0
2719162796,0
68179700102,0
2719162787,0
68179700122,0
68179700140,0
68179700160,0
68179700101,0
68179700148,0
2719162770,0
2719162786,0
2719162795,0
68179700091,0
2719162796,0
68179700102,0
2719162787,0
68179700122,0
68179700140,0
68179700160,0
68179700101,0
68179700148,0
2719162770,0
2719162786,0
2719162795,0
68179700091,0
2719162796,0
68179700102,0
2719162787,0
68179700122,0
68179700140,0
68179700160,0
68179700101,0
68179700148,0
2719162770,0
2719162786,0
68179700132,0
68179700112,0
68179700092,0
68179700092,0
68179700092,0
68179700092,0
68179700092,0
68179700092,0
68179700161,0
68179700161,0
68179700161,0
68179700161,0
68179700161,0
68179700112,0
2719162797,0
68179700103,0
2719162778,0
2719162797,0
68179700103,0
2719162778,0
2719162797,0
68179700103,0
2719162778,0
2719162797,0
68179700103,0
2719162778,0
2719162797,0
68179700103,0
2719162778,0
2719162798,0
2719162798,0
2719162798,0
2719162798,0
2719162798,0
2719162799,0
2719162799,0
2719162799,0
2719162799,0
2719162799,0
2719162799,0
2719162800,0
2719162800,0
2719162800,0
2719162800,0
2719162800,0
2719162800,0
2719162801,0
2719162801,0
2719162801,0
2719162801,0
2719162801,0
2719162801,0
2719162802,0
2719162802,0
2719162802,0
2719162802,0
2719162802,0
2719162802,0
2719162803,0
2719162803,0
2719162803,0
2719162803,0
2719162803,0
2719162803,0
68179700120,0
68179700120,0
68179700120,0
68179700120,0
68179700120,0
68179700147,0
68179700147,0
68179700147,0
68179700147,0
68179700147,0
68179700110,0
68179700110,0
68179700110,0
68179700110,0
68179700110,0
68179700111,0
68179700111,0
68179700111,0
68179700111,0
68179700111,0
68179700139,0
68179700139,0
68179700139,0
68179700139,0
68179700139,0
68179700157,0
68179700157,0
68179700157,0
68179700157,0
68179700157,0
68179700121,0
68179700090,0
68179700121,0
68179700090,0
68179700121,0
68179700090,0
68179700121,0
2719162804,0
68179700121,0
2719162804,0
68179700130,0
68179700099,0
68179700132,0
68179700158,0
2719162785,0
68179700100,0
2719162768,0
68179700112,0
68179700129,0
68179700158,0
68179700132,0
68179700130,0
68179700099,0
2719162785,0
68179700100,0
2719162768,0
68179700112,0
68179700129,0
68179700158,0
68179700132,0
68179700130,0
68179700099,0
2719162785,0
68179700100,0
2719162768,0
68179700112,0
68179700129,0
68179700158,0
68179700132,0
68179700130,0
68179700099,0
2719162785,0
68179700100,0
2719162768,0
68179700112,0
68179700129,0
68179700130,0
68179700099,0
2719162785,0
68179700100,0
2719162768,0
68179700129,0
68179700131,0
2719162794,0
2719162777,0
68179700159,0
2719162769,0
68179700131,0
2719162794,0
2719162777,0
68179700159,0
68179700131,0
2719162794,0
2719162777,0
2719162769,0
68179700159,0
68179700131,0
2719162794,0
2719162777,0
68179700159,0
2719162769,0
2719162769,0
68179700131,0
2719162794,0
2719162777,0
68179700159,0
2719162769,0
68179700131,0
2719162769,0
2719162796,0
2719162795,0
68179700122,0
68179700102,0
68179700140,0
68179700091,0
68179700160,0
2719162787,0
68179700101,0
68179700148,0
2719162770,0
2719162786,0
2719162795,0
68179700091,0
68179700102,0
2719162796,0
2719162787,0
68179700122,0
68179700140,0
68179700160,0
68179700101,0
68179700148,0
2719162770,0
2719162786,0
2719162795,0
68179700091,0
2719162796,0
68179700102,0
2719162787,0
68179700122,0
68179700140,0
68179700160,0
68179700101,0
68179700148,0
2719162770,0
2719162786,0
2719162795,0
68179700091,0
68179700102,0
2719162796,0
2719162787,0
68179700122,0
68179700140,0
68179700160,0
68179700101,0
68179700148,0
2719162770,0
2719162786,0
2719162795,0
68179700091,0
2719162796,0
68179700102,0
2719162787,0
68179700122,0
68179700140,0
68179700160,0
68179700101,0
68179700148,0
2719162770,0
2719162786,0
2719162795,0
2719162805,0
68179700132,0
68179700112,0
68179700092,0
68179700092,0
68179700092,0
2719162806,0
2719162806,0
68179700111,0
68179700161,0
68179700161,0
68179700161,0
68179700161,0
68179700161,0
68179700132,0
2719162797,0
2719162778,0
68179700103,0
2719162797,0
68179700103,0
2719162778,0
2719162797,0
68179700103,0
2719162778,0
2719162797,0
68179700103,0
2719162778,0
2719162797,0
68179700103,0
2719162778,0
2719162807,0
2719162807,0
2719162807,0
2719162807,0
2719162807,0
2719162808,0
2719162808,0
2719162808,0
2719162808,0
2719162808,0
2719162808,0
2719162809,0
2719162809,0
2719162809,0
2719162809,0
2719162809,0
2719162809,0
2719162810,0
2719162810,0
2719162810,0
2719162810,0
2719162810,0
2719162810,0
2719162811,0
2719162811,0
2719162811,0
2719162811,0
2719162811,0
2719162811,0
2719162812,0
2719162812,0
2719162812,0
2719162812,0
2719162812,0
2719162812,0
68179700120,0
68179700120,0
68179700120,0
68179700120,0
68179700120,0
68179700120,0
68179700147,0
68179700147,0
68179700147,0
68179700147,0
68179700147,0
68179700147,0
68179700110,0
68179700110,0
68179700110,0
68179700110,0
68179700110,0
68179700111,0
68179700111,0
68179700111,0
68179700111,0
68179700111,0
68179700139,0
68179700139,0
68179700139,0
68179700139,0
68179700139,0
68179700157,0
68179700157,0
68179700157,0
68179700157,0
68179700157,0
68179700157,0
68179700121,0
2719162804,0
68179700121,0
2719162804,0
68179700121,0
2719162804,0
68179700121,0
2719162804,0
68179700121,0
2719162804,0
68179700121,0
2719162804,0
2719162768,0
68179700130,0
68179700112,0
68179700099,0
68179700158,0
68179700129,0
2719162785,0
68179700100,0
68179700158,0
68179700132,0
68179700130,0
68179700099,0
2719162785,0
68179700100,0
2719162768,0
68179700129,0
68179700112,0
68179700158,0
68179700132,0
68179700130,0
2719162813,0
2719162785,0
68179700100,0
2719162768,0
68179700112,0
68179700129,0
68179700132,0
68179700158,0
68179700130,0
2719162813,0
2719162785,0
68179700100,0
2719162768,0
68179700112,0
68179700129,0
68179700158,0
68179700132,0
68179700130,0
2719162813,0
2719162785,0
68179700100,0
2719162768,0
68179700129,0
68179700159,0
2719162794,0
2719162777,0
68179700131,0
2719162769,0
2719162794,0
2719162777,0
68179700159,0
68179700131,0
2719162769,0
2719162794,0
2719162777,0
68179700159,0
2719162769,0
68179700131,0
2719162794,0
2719162777,0
68179700159,0
68179700131,0
2719162769,0
2719162794,0
2719162777,0
68179700159,0
2719162769,0
68179700131,0
2719162796,0
68179700122,0
68179700102,0
68179700148,0
68179700140,0
2719162770,0
68179700160,0
2719162786,0
2719162787,0
68179700101,0
2719162795,0
2719162805,0
68179700102,0
2719162796,0
2719162787,0
68179700122,0
68179700140,0
68179700160,0
68179700101,0
68179700148,0
2719162770,0
2719162786,0
2719162795,0
2719162805,0
2719162796,0
68179700102,0
2719162787,0
68179700122,0
68179700140,0
68179700160,0
2719162814,0
68179700148,0
2719162770,0
2719162786,0
2719162795,0
2719162805,0
2719162815,0
2719162796,0
2719162787,0
68179700122,0
68179700140,0
68179700160,0
2719162814,0
68179700148,0
2719162770,0
2719162786,0
2719162795,0
2719162805,0
2719162796,0
2719162815,0
2719162787,0
68179700122,0
68179700140,0
68179700160,0
2719162814,0
68179700148,0
2719162770,0
2719162786,0
2719162795,0
2719162805,0
2719162796,0
2719162815,0
2719162787,0
68179700132,0
68179700112,0
2719162806,0
2719162806,0
2719162806,0
2719162806,0
2719162806,0
68179700139,0
68179700161,0
68179700161,0
68179700161,0
68179700161,0
68179700161,0
68179700161,0
2719162797,0
2719162778,0
68179700103,0
2719162797,0
2719162816,0
2719162778,0
2719162797,0
2719162816,0
2719162778,0
2719162797,0
2719162816,0
2719162778,0
2719162797,0
2719162816,0
2719162778,0
2719162797,0
2719162816,0
2719162817,0
2719162817,0
2719162817,0
2719162817,0
2719162817,0
2719162818,0
2719162818,0
2719162818,0
2719162818,0
2719162818,0
2719162818,0
2719162819,0
2719162819,0
2719162819,0
2719162819,0
2719162819,0
2719162819,0
2719162820,0
2719162820,0
2719162820,0
2719162820,0
2719162820,0
2719162820,0
2719162821,0
2719162821,0
2719162821,0
2719162821,0
2719162821,0
2719162821,0
2719162822,0
2719162822,0
2719162822,0
2719162822,0
2719162822,0
2719162822,0
68179700120,0
68179700120,0
68179700120,0
68179700120,0
68179700120,0
68179700147,0
68179700147,0
68179700147,0
68179700147,0
68179700147,0
68179700110,0
2719162823,0
2719162823,0
2719162823,0
2719162823,0
68179700111,0
2719162824,0
68179700111,0
68179700111,0
68179700111,0
68179700139,0
68179700139,0
68179700139,0
68179700139,0
68179700139,0
68179700157,0
68179700157,0
68179700157,0
68179700157,0
68179700157,0
68179700121,0
2719162804,0
68179700121,0
2719162804,0
68179700121,0
2719162804,0
68179700121,0
2719162804,0
68179700121,0
2719162804,0
2719162823,0
2719162768,0
68179700130,0
68179700112,0
68179700132,0
2719162813,0
68179700158,0
68179700129,0
2719162785,0
2719162825,0
68179700130,0
2719162813,0
2719162785,0
2719162825,0
2719162768,0
68179700112,0
68179700129,0
68179700132,0
68179700158,0
68179700130,0
2719162813,0
2719162785,0
2719162825,0
2719162768,0
68179700129,0
2719162826,0
68179700158,0
68179700132,0
68179700130,0
2719162813,0
2719162785,0
2719162825,0
2719162768,0
2719162826,0
68179700129,0
68179700158,0
68179700132,0
68179700130,0
2719162813,0
2719162785,0
2719162825,0
2719162768,0
68179700129,0
68179700130,0
2719162813,0
2719162785,0
2719162825,0
68179700131,0
68179700159,0
2719162794,0
2719162777,0
2719162794,0
2719162777,0
2719162769,0
68179700159,0
2719162769,0
68179700131,0
2719162794,0
2719162777,0
68179700159,0
68179700131,0
2719162769,0
2719162794,0
2719162777,0
68179700159,0
68179700131,0
2719162769,0
2719162794,0
2719162777,0
68179700159,0
2719162769,0
68179700131,0
2719162794,0
2719162777,0
2719162795,0
68179700122,0
68179700148,0
68179700140,0
2719162770,0
2719162805,0
68179700160,0
2719162786,0
2719162814,0
2719162796,0
2719162815,0
2719162787,0
68179700122,0
68179700140,0
68179700160,0
2719162814,0
68179700148,0
2719162770,0
2719162786,0
2719162795,0
2719162805,0
2719162796,0
2719162815,0
2719162787,0
68179700122,0
68179700140,0
68179700160,0
2719162814,0
68179700148,0
2719162770,0
2719162786,0
2719162795,0
2719162805,0
2719162796,0
2719162815,0
2719162787,0
68179700122,0
68179700140,0
68179700160,0
2719162814,0
68179700148,0
2719162770,0
2719162786,0
2719162795,0
2719162805,0
2719162796,0
2719162815,0
2719162787,0
68179700122,0
68179700140,0
68179700160,0
2719162814,0
68179700148,0
2719162770,0
2719162786,0
2719162795,0
2719162805,0
2719162796,0
2719162815,0
2719162787,0
68179700122,0
68179700140,0
68179700160,0
2719162814,0
68179700132,0
2719162826,0
2719162806,0
2719162806,0
2719162806,0
2719162806,0
2719162806,0
68179700161,0
68179700161,0
68179700161,0
68179700161,0
68179700161,0
2719162778,0
2719162797,0
2719162816,0
2719162778,0
2719162797,0
2719162816,0
2719162778,0
2719162797,0
2719162816,0
2719162778,0
2719162797,0
2719162816,0
2719162778,0
2719162797,0
2719162816,0
2719162778,0
10980916442,0
10980916442,0
2719162827,0
2719162827,0
2719162828,0
2719162828,0
2719162828,0
2719162827,0
2719162829,0
2719162829,0
2719162829,0
2719162831,0
2719162831,0
2719162831,0
2719162831,0
2719162831,0
2719162830,0
2719162827,0
2719162830,0
2719162830,0
2719162829,0
2719162830,0
2719162830,0
2719162830,0
2719162831,0
2719162831,0
2719162831,0
2719162831,0
2719162831,0
2719162830,0
2719162830,0
2719162830,0
2719162830,0
2719162830,0
2719162831,0
2719162831,0
2719162831,0
2719162831,0
2719162831,0
2719162830,0
2719162831,0
2719162830,0
2719162830,0
2719162830,0
2719162830,0
2719162830,0
2719162831,0
2719162831,0
2719162831,0
2719162831,0
2719162831,0
2719162830,0
2719162831,0
2719162832,0
2719162832,0
2719162832,0
2719162832,0
2719162831,0
2719162832,0
2719162831,0
2719162831,0
2719162831,0
2719162831,0
2719162832,0
2719162832,0
2719162832,0
2719162832,0
2719162831,0
2719162831,0
2719162831,0
2719162831,0
2719162832,0
2719162831,0
2719162832,0
2719162832,0
2719162832,0
2719162832,0
2719162832,0
2719162831,0
2719162831,0
2719162831,0
2719162831,0
2719162831,0
2719162832,0
2719162832,0
2719162832,0
2719162832,0
2719162832,0
2719162831,0
2719162833,0
2719162833,0
2719162833,0
2719162833,0
2719162832,0
2719162833,0
2719162832,0
2719162832,0
2719162832,0
2719162832,0
2719162833,0
2719162832,0
2719162833,0
2719162833,0
2719162832,0
2719162833,0
2719162833,0
2719162832,0
2719162832,0
2719162832,0
2719162832,0
2719162833,0
2719162833,0
2719162833,0
2719162833,0
2719162833,0
2719162832,0
2719162832,0
2719162832,0
2719162832,0
2719162833,0
2719162832,0
2719162833,0
2719162832,0
2719162832,0
2719162833,0
2719162833,0
2719162833,0
2719162832,0
2719162832,0
2719162832,0
2719162833,0
2719162833,0
2719162833,0
2719162833,0
2719162833,0
2719162832,0
2719162833,0
2719162832,0
2719162832,0
2719162832,0
2719162832,0
2719162833,0
2719162833,0
2719162832,0
2719162832,0
2719162832,0
2719162833,0
2719162833,0
2719162833,0
2719162832,0
2719162832,0
2719162832,0
2719162833,0
2719162833,0
2719162833,0
2719162833,0
2719162833,0
2719162832,0
2719162832,0
2719162832,0
2719162832,0
2719162833,0
2719162832,0
2719162833,0
2719162833,0
2719162833,0
2719162832,0
2719162832,0
2719162832,0
2719162833,0
2719162832,0
2719162832,0
2719162833,0
2719162833,0
2719162833,0
2719162833,0
2719162833,0
2719162832,0
2719162833,0
2719162832,0
2719162834,0
2719162834,0
2719162834,0
2719162833,0
2719162833,0
2719162834,0
2719162833,0
2719162833,0
2719162834,0
2719162834,0
2719162834,0
2719162834,0
2719162833,0
2719162833,0
2719162833,0
2719162833,0
2719162833,0
2719162834,0
2719162833,0
2719162834,0
2719162834,0
2719162834,0
2719162834,0
2719162833,0
2719162833,0
2719162833,0
2719162833,0
2719162834,0
2719162833,0
2719162834,0
2719162834,0
2719162834,0
2719162834,0
2719162834,0
2719162833,0
2719162833,0
10980916433,0
10980916433,0
10980916433,0
2719162834,0
10980916433,0
2719162834,0
2719162834,0
2719162834,0
2719162834,0
10980916433,0
10980916433,0
10980916433,0
10980916433,0
2719162834,0
10980916433,0
2719162834,0
2719162834,0
2719162834,0
2719162834,0
2719162834,0
10980916433,0
10980916433,0
10980916433,0
10980916433,0
2719162834,0
2719162834,0
2719162834,0
2719162834,0
2719162834,0
2719162834,0
2719162834,0
2719162834,0
2719162834,0
2719162834,0
2719162834,0
2719162834,0
2719162834,0
2719162834,0
2719162834,0
2719162834,0
2719162834,0
2719162834,0
2719162834,0
2719162834,0
2719162834,0
2719162834,0
2719162834,0
2719162834,0
2719162834,0
2719162834,0
2719162834,0
2719162834,0
2719162834,0
2719162834,0
2719162834,0
2719162834,0
2719162834,0
2719162834,0
2719162835,0
2719162835,0
2719162835,0
2719162835,0
2719162835,0
2719162835,0
2719162835,0
2719162835,0
2719162835,0
2719162835,0
2719162835,0
2719162835,0
2719162835,0
2719162835,0
2719162835,0
2719162835,0
2719162835,0
2719162835,0
2719162835,0
2719162835,0
2719162835,0
2719162835,0
2719162835,0
2719162835,0
2719162835,0
2719162835,0
2719162835,0
2719162835,0
2719162835,0
2719162835,0
2719162835,0
2719162835,0
2719162835,0
2719162835,0
2719162835,0
2719162835,0
2719162835,0
2719162835,0
2719162835,0
2719162835,0
2719162835,0
2719162835,0
2719162835,0
2719162835,0
2719162835,0
2719162835,0
2719162835,0
2719162835,0
2719162835,0
2719162835,0
2719162835,0
2719162835,0
2719162835,0
2719162835,0
2719162835,0
2719162835,0
2719162835,0
2719162835,0
2719162835,0
2719162835,0
2719162835,0
2719162835,0
2719162835,0
2719162835,0
2719162836,0
2719162836,0
2719162836,0
2719162836,0
2719162836,0
2719162836,0
2719162836,0
2719162836,0
2719162836,0
2719162836,0
2719162836,0
2719162836,0
2719162836,0
2719162836,0
2719162836,0
2719162836,0
2719162836,0
2719162836,0
2719162836,0
2719162836,0
2719162836,0
2719162836,0
2719162836,0
2719162836,0
2719162836,0
2719162836,0
2719162836,0
2719162836,0
2719162836,0
2719162836,0
2719162836,0
2719162836,0
2719162836,0
2719162836,0
2719162836,0
2719162836,0
2719162836,0
2719162836,0
2719162836,0
2719162836,0
2719162836,0
2719162836,0
2719162836,0
2719162836,0
2719162836,0
2719162836,0
2719162836,0
2719162836,0
2719162836,0
2719162836,0
2719162836,0
2719162836,0
2719162836,0
2719162836,0
2719162836,0
2719162836,0
2719162836,0
2719162836,0
2719162836,0
2719162836,0
2719162836,0
2719162836,0
2719162836,0
2719162836,0
2719162837,0
2719162837,0
2719162837,0
2719162837,0
2719162837,0
2719162837,0
2719162837,0
2719162837,0
2719162837,0
2719162837,0
2719162837,0
2719162837,0
2719162837,0
2719162837,0
2719162837,0
2719162837,0
2719162837,0
2719162837,0
2719162837,0
2719162837,0
2719162837,0
2719162837,0
2719162837,0
2719162837,0
2719162837,0
2719162837,0
2719162837,0
2719162837,0
2719162837,0
2719162837,0
2719162837,0
2719162837,0
2719162837,0
2719162837,0
2719162837,0
2719162837,0
2719162837,0
2719162837,0
2719162837,0
2719162837,0
2719162837,0
2719162837,0
2719162838,0
2719162838,0
2719162828,0
2719162838,0
2719162829,0
2719162838,0
2719162829,0
2719162839,0
2719162838,0
2719162838,0
2719162838,0
2719162829,0
2719162838,0
2719162839,0
2719162828,0
2719162828,0
2719162829,0
2719162828,0
2719162838,0
2719162838,0
2719162828,0
2719162828,0
2719162838,0
2719162838,0
2719162829,0
2719162840,0
2719162841,0
2719162842,0
2719162843,0
2719162842,0
2719162842,0
2719162844,0
2719162845,0
2719162846,0
10980916400,0
2719162847,0
2719162848,0
2719162842,0
2719162842,0
2719162842,0
2719162849,0
2719162850,0
2719162840,0
2719162845,0
2719162843,0
2719162844,0
2719162841,0
2719162846,0
2719162848,0
2719162847,0
2719162849,0
2719162850,0
2719162840,0
2719162845,0
2719162843,0
2719162844,0
2719162841,0
2719162846,0
2719162848,0
2719162847,0
2719162849,0
2719162850,0
2719162840,0
2719162845,0
2719162843,0
2719162844,0
2719162841,0
2719162847,0
2719162846,0
2719162848,0
2719162849,0
2719162850,0
2719162845,0
2719162840,0
2719162843,0
2719162844,0
2719162841,0
2719162846,0
2719162848,0
2719162847,0
2719162849,0
2719162850,0
2719162840,0
2719162845,0
2719162843,0
2719162844,0
2719162841,0
2719162846,0
2719162848,0
2719162847,0
2719162842,0
2719162842,0
2719162842,0
2719162840,0
2719162851,0
2719162852,0
2719162853,0
2719162854,0
2719162843,0
2719162849,0
2719162850,0
2719162844,0
2719162852,0
2719162847,0
2719162851,0
2719162853,0
2719162854,0
2719162849,0
2719162850,0
2719162840,0
2719162843,0
2719162844,0
2719162852,0
2719162847,0
2719162855,0
2719162853,0
2719162854,0
2719162849,0
2719162850,0
2719162840,0
2719162843,0
2719162844,0
2719162852,0
2719162847,0
2719162855,0
2719162853,0
2719162854,0
2719162849,0
2719162850,0
2719162840,0
2719162843,0
2719162844,0
2719162852,0
2719162847,0
2719162855,0
2719162853,0
2719162854,0
2719162849,0
2719162850,0
2719162840,0
2719162843,0
2719162844,0
2719162852,0
2719162847,0
2719162855,0
2719162853,0
2719162854,0
2719162849,0
2719162850,0
2719162856,0
2719162844,0
2719162857,0
2719162858,0
2719162859,0
2719162860,0
2719162843,0
2719162847,0
2719162858,0
2719162849,0
2719162850,0
2719162857,0
2719162859,0
2719162860,0
2719162856,0
2719162843,0
2719162844,0
2719162847,0
2719162858,0
2719162849,0
2719162850,0
2719162857,0
2719162859,0
2719162860,0
2719162856,0
2719162843,0
2719162844,0
2719162847,0
2719162858,0
2719162849,0
2719162850,0
2719162857,0
2719162859,0
2719162860,0
2719162856,0
2719162843,0
2719162844,0
2719162847,0
2719162858,0
2719162849,0
2719162850,0
2719162857,0
2719162859,0
2719162860,0
2719162856,0
2719162843,0
2719162844,0
2719162847,0
2719162858,0
2719162849,0
2719162850,0
2719162857,0
2719162859,0
2719162860,0
2719162856,0
2719162844,0
2719162861,0
2719162862,0
2719162863,0
2719162864,0
2719162843,0
2719162847,0
2719162849,0
2719162850,0
2719162862,0
2719162856,0
2719162863,0
2719162864,0
2719162861,0
2719162843,0
2719162844,0
2719162847,0
2719162849,0
2719162850,0
2719162862,0
2719162856,0
2719162863,0
2719162864,0
2719162861,0
2719162843,0
2719162844,0
2719162847,0
2719162849,0
2719162850,0
2719162862,0
2719162856,0
2719162863,0
2719162864,0
2719162861,0
2719162843,0
2719162844,0
2719162847,0
2719162849,0
2719162850,0
2719162862,0
2719162856,0
2719162863,0
2719162864,0
2719162861,0
2719162843,0
2719162844,0
2719162847,0
2719162849,0
2719162850,0
2719162862,0
2719162856,0
2719162863,0
2719162864,0
2719162861,0
2719162843,0
2719162844,0
2719162865,0
2719162866,0
2719162867,0
2719162868,0
2719162847,0
2719162849,0
2719162850,0
2719162856,0
2719162866,0
2719162843,0
2719162844,0
2719162865,0
2719162867,0
2719162868,0
2719162847,0
2719162849,0
2719162850,0
2719162856,0
2719162866,0
2719162843,0
2719162844,0
2719162865,0
2719162867,0
2719162868,0
2719162847,0
2719162849,0
2719162850,0
2719162856,0
2719162866,0
2719162843,0
2719162865,0
2719162869,0
2719162867,0
2719162847,0
2719162868,0
2719162849,0
2719162850,0
2719162866,0
2719162856,0
2719162843,0
2719162869,0
2719162865,0
2719162867,0
2719162868,0
2719162847,0
2719162849,0
2719162850,0
2719162856,0
2719162866,0
2719162843,0
2719162869,0
2719162865,0
2719162867,0
2719162868,0
2719162847,0
2719162856,0
2719162870,0
2719162871,0
2719162872,0
2719162873,0
2719162843,0
2719162849,0
2719162850,0
2719162869,0
2719162871,0
2719162847,0
2719162870,0
2719162872,0
2719162873,0
2719162849,0
2719162850,0
2719162856,0
2719162843,0
2719162869,0
2719162871,0
2719162847,0
2719162870,0
2719162874,0
2719162875,0
2719162849,0
2719162850,0
2719162856,0
2719162843,0
2719162869,0
2719162871,0
2719162847,0
2719162870,0
2719162874,0
2719162875,0
2719162849,0
2719162850,0
2719162856,0
2719162843,0
2719162869,0
2719162871,0
2719162847,0
2719162870,0
2719162874,0
2719162875,0
2719162849,0
2719162850,0
2719162856,0
2719162843,0
2719162869,0
2719162871,0
2719162847,0
2719162870,0
2719162874,0
2719162875,0
2719162849,0
2719162850,0
2719162856,0
2719162876,0
2719162843,0
2719162869,0
2719162877,0
2719162878,0
2719162879,0
2719162847,0
2719162877,0
2719162849,0
2719162850,0
2719162876,0
2719162878,0
2719162879,0
2719162856,0
2719162843,0
2719162869,0
2719162847,0
2719162877,0
2719162849,0
2719162850,0
2719162876,0
2719162878,0
2719162879,0
2719162856,0
2719162843,0
2719162869,0
2719162847,0
2719162877,0
2719162849,0
2719162850,0
2719162876,0
2719162879,0
2719162878,0
2719162856,0
2719162843,0
2719162869,0
2719162847,0
2719162877,0
2719162849,0
2719162850,0
2719162876,0
2719162878,0
2719162879,0
2719162856,0
2719162843,0
2719162869,0
2719162847,0
2719162877,0
2719162849,0
2719162850,0
2719162876,0
2719162878,0
2719162879,0
2719162856,0
2719162880,0
2719162869,0
2719162881,0
2719162882,0
2719162883,0
2719162884,0
2719162847,0
2719162849,0
2719162850,0
2719162881,0
2719162856,0
2719162880,0
2719162882,0
2719162884,0
2719162883,0
2719162869,0
2719162847,0
2719162849,0
2719162850,0
2719162881,0
2719162856,0
2719162880,0
2719162882,0
2719162883,0
2719162884,0
2719162869,0
2719162847,0
2719162849,0
2719162850,0
2719162881,0
2719162856,0
2719162880,0
2719162882,0
2719162883,0
2719162884,0
2719162869,0
2719162847,0
2719162849,0
2719162850,0
2719162881,0
2719162856,0
2719162880,0
2719162884,0
2719162882,0
2719162883,0
2719162869,0
2719162847,0
2719162849,0
2719162850,0
2719162881,0
2719162856,0
2719162880,0
2719162882,0
2719162883,0
2719162884,0
2719162869,0
2719162885,0
2719162886,0
2719162887,0
2719162888,0
2719162847,0
2719162849,0
2719162850,0
2719162856,0
2719162886,0
2719162884,0
2719162885,0
2719162887,0
2719162888,0
2719162869,0
2719162847,0
2719162849,0
2719162850,0
2719162856,0
2719162886,0
2719162884,0
2719162885,0
2719162869,0
2719162887,0
2719162888,0
2719162847,0
2719162849,0
2719162850,0
2719162856,0
2719162886,0
2719162884,0
2719162885,0
2719162887,0
2719162888,0
2719162869,0
2719162847,0
2719162849,0
2719162850,0
2719162856,0
2719162886,0
2719162884,0
2719162885,0
2719162887,0
2719162888,0
2719162869,0
2719162847,0
2719162849,0
2719162850,0
2719162856,0
2719162886,0
2719162884,0
2719162885,0
2719162869,0
2719162887,0
2719162888,0
2719162847,0
2719162856,0
2719162889,0
2719162890,0
2719162891,0
2719162892,0
2719162884,0
2719162849,0
2719162850,0
2719162869,0
2719162890,0
2719162847,0
2719162889,0
2719162892,0
2719162891,0
2719162893,0
2719162850,0
2719162856,0
2719162884,0
2719162869,0
2719162890,0
2719162847,0
2719162889,0
2719162891,0
2719162892,0
2719162893,0
2719162850,0
2719162856,0
2719162884,0
2719162869,0
2719162890,0
2719162894,0
2719162889,0
2719162891,0
2719162892,0
2719162893,0
2719162850,0
2719162856,0
2719162884,0
2719162869,0
2719162890,0
2719162894,0
2719162889,0
2719162891,0
2719162892,0
2719162893,0
2719162850,0
2719162856,0
2719162884,0
2719162869,0
2719162890,0
2719162894,0
2719162889,0
2719162891,0
2719162892,0
2719162893,0
2719162850,0
2719162856,0
2719162869,0
2719162895,0
2719162896,0
2719162897,0
2719162898,0
2719162884,0
2719162894,0
2719162896,0
2719162893,0
2719162850,0
2719162895,0
2719162897,0
2719162898,0
2719162856,0
2719162884,0
2719162869,0
2719162894,0
2719162896,0
2719162893,0
2719162850,0
2719162895,0
2719162897,0
2719162898,0
2719162856,0
2719162884,0
2719162869,0
2719162894,0
2719162896,0
2719162893,0
2719162850,0
2719162897,0
2719162898,0
2719162895,0
2719162856,0
2719162884,0
2719162869,0
2719162894,0
2719162896,0
2719162893,0
2719162850,0
2719162895,0
2719162897,0
2719162898,0
2719162856,0
2719162884,0
2719162869,0
2719162894,0
2719162896,0
2719162893,0
2719162850,0
2719162897,0
2719162898,0
2719162895,0
2719162869,0
2719162856,0
2719162899,0
2719162900,0
2719162901,0
2719162902,0
2719162884,0
2719162894,0
2719162893,0
2719162850,0
2719162900,0
2719162856,0
2719162899,0
2719162901,0
2719162902,0
2719162884,0
2719162869,0
2719162894,0
2719162893,0
2719162850,0
2719162900,0
2719162856,0
2719162899,0
2719162901,0
2719162902,0
2719162884,0
2719162869,0
2719162894,0
2719162893,0
2719162850,0
2719162900,0
2719162856,0
2719162899,0
2719162901,0
2719162902,0
2719162884,0
2719162869,0
2719162894,0
2719162893,0
2719162850,0
2719162900,0
2719162856,0
2719162903,0
2719162901,0
2719162902,0
2719162884,0
2719162869,0
2719162894,0
2719162893,0
2719162850,0
2719162900,0
2719162856,0
2719162903,0
2719162901,0
2719162902,0
2719162884,0
2719162869,0
2719162904,0
2719162905,0
2719162906,0
2719162907,0
2719162894,0
2719162893,0
2719162908,0
2719162856,0
2719162905,0
2719162884,0
2719162869,0
2719162904,0
2719162906,0
2719162907,0
2719162894,0
2719162893,0
2719162908,0
2719162856,0
2719162905,0
2719162884,0
2719162869,0
2719162904,0
2719162906,0
2719162907,0
2719162894,0
2719162893,0
2719162908,0
2719162856,0
2719162905,0
2719162884,0
2719162869,0
2719162904,0
2719162906,0
2719162907,0
2719162894,0
2719162893,0
2719162908,0
2719162856,0
2719162905,0
2719162884,0
2719162869,0
2719162904,0
2719162906,0
2719162907,0
2719162894,0
2719162893,0
2719162908,0
2719162856,0
2719162905,0
2719162884,0
2719162869,0
2719162904,0
2719162906,0
2719162907,0
2719162894,0
2719162856,0
2719162909,0
2719162910,0
2719162911,0
2719162912,0
2719162884,0
2719162893,0
2719162908,0
2719162910,0
2719162869,0
2719162894,0
2719162909,0
2719162911,0
2719162912,0
2719162893,0
2719162908,0
2719162856,0
2719162884,0
2719162869,0
2719162910,0
2719162894,0
2719162909,0
2719162911,0
2719162912,0
2719162893,0
2719162908,0
2719162856,0
2719162884,0
2719162869,0
2719162910,0
2719162894,0
2719162909,0
2719162911,0
2719162912,0
2719162893,0
2719162908,0
2719162856,0
2719162884,0
2719162869,0
2719162910,0
2719162894,0
2719162909,0
2719162911,0
2719162912,0
2719162893,0
2719162908,0
2719162856,0
2719162884,0
2719162910,0
2719162869,0
2719162894,0
2719162909,0
2719162911,0
2719162912,0
2719162893,0
2719162908,0
2719162856,0
2719162869,0
2719162913,0
2719162914,0
2719162915,0
2719162916,0
2719162884,0
2719162894,0
2719162914,0
2719162893,0
2719162908,0
2719162913,0
2719162915,0
2719162916,0
10980916413,0
2719162884,0
2719162869,0
2719162894,0
2719162914,0
2719162893,0
2719162908,0
2719162913,0
2719162915,0
2719162916,0
10980916413,0
2719162884,0
2719162869,0
2719162894,0
2719162914,0
2719162893,0
2719162908,0
2719162913,0
2719162915,0
2719162916,0
10980916413,0
2719162884,0
2719162869,0
2719162894,0
2719162914,0
2719162893,0
2719162908,0
2719162913,0
2719162915,0
2719162916,0
10980916413,0
2719162884,0
2719162869,0
2719162894,0
2719162914,0
2719162893,0
2719162908,0
2719162913,0
2719162915,0
2719162916,0
10980916413,0
2719162869,0
2719162917,0
2719162918,0
2719162919,0
2719162920,0
2719162884,0
2719162894,0
2719162893,0
2719162908,0
2719162918,0
10980916413,0
2719162917,0
2719162919,0
2719162920,0
2719162884,0
2719162869,0
2719162894,0
2719162893,0
2719162908,0
2719162918,0
10980916413,0
2719162919,0
2719162920,0
2719162917,0
2719162884,0
2719162869,0
2719162894,0
2719162893,0
2719162908,0
2719162918,0
10980916413,0
2719162919,0
2719162920,0
2719162917,0
2719162884,0
2719162869,0
2719162894,0
2719162893,0
2719162908,0
2719162918,0
10980916413,0
2719162917,0
2719162921,0
2719162922,0
2719162884,0
2719162869,0
2719162894,0
2719162893,0
2719162908,0
2719162918,0
10980916413,0
2719162917,0
2719162922,0
2719162921,0
2719162884,0
2719162869,0
2719162923,0
2719162924,0
2719162925,0
2719162926,0
2719162894,0
2719162893,0
2719162908,0
10980916413,0
2719162927,0
2719162884,0
2719162869,0
2719162923,0
2719162925,0
2719162926,0
2719162894,0
2719162893,0
2719162908,0
10980916413,0
2719162927,0
2719162884,0
2719162869,0
2719162923,0
2719162925,0
2719162926,0
2719162894,0
2719162893,0
2719162908,0
2719162927,0
10980916413,0
2719162884,0
2719162869,0
2719162923,0
2719162925,0
2719162926,0
2719162894,0
2719162893,0
2719162908,0
10980916413,0
2719162927,0
2719162884,0
2719162923,0
2719162925,0
2719162926,0
10980916414,0
2719162894,0
2719162893,0
2719162908,0
10980916413,0
2719162884,0
2719162927,0
10980916414,0
2719162923,0
2719162925,0
2719162926,0
2719162894,0
10980916413,0
2719162928,0
2719162929,0
2719162930,0
2719162931,0
2719162884,0
2719162893,0
2719162908,0
10980916414,0
2719162929,0
2719162894,0
2719162928,0
2719162930,0
2719162931,0
2719162893,0
2719162908,0
10980916413,0
2719162884,0
10980916414,0
2719162929,0
2719162894,0
2719162928,0
2719162930,0
2719162931,0
2719162893,0
2719162908,0
10980916413,0
2719162884,0
10980916414,0
2719162929,0
2719162894,0
2719162930,0
2719162931,0
2719162928,0
2719162893,0
2719162908,0
10980916413,0
2719162884,0
10980916414,0
2719162929,0
2719162894,0
2719162928,0
2719162930,0
2719162931,0
2719162893,0
2719162908,0
10980916413,0
2719162884,0
10980916414,0
2719162929,0
2719162894,0
2719162928,0
2719162930,0
2719162931,0
2719162893,0
2719162908,0
10980916413,0
2719162932,0
2719162884,0
10980916414,0
2719162933,0
2719162934,0
2719162935,0
2719162894,0
2719162933,0
2719162893,0
2719162908,0
2719162932,0
2719162934,0
2719162935,0
10980916413,0
2719162884,0
10980916414,0
2719162894,0
2719162933,0
2719162893,0
2719162908,0
2719162932,0
2719162934,0
2719162935,0
10980916413,0
2719162884,0
10980916414,0
2719162894,0
2719162933,0
2719162893,0
2719162908,0
2719162932,0
2719162934,0
2719162935,0
10980916413,0
2719162884,0
10980916414,0
2719162894,0
2719162933,0
2719162893,0
2719162908,0
2719162932,0
2719162934,0
2719162935,0
10980916413,0
2719162884,0
10980916414,0
2719162894,0
2719162933,0
2719162893,0
2719162908,0
2719162932,0
2719162934,0
2719162935,0
10980916413,0
10980916414,0
2719162936,0
2719162937,0
2719162938,0
2719162939,0
2719162884,0
2719162894,0
2719162893,0
2719162908,0
2719162937,0
10980916413,0
2719162936,0
2719162938,0
2719162939,0
2719162940,0
10980916414,0
2719162894,0
2719162893,0
2719162908,0
2719162937,0
10980916413,0
2719162936,0
2719162938,0
2719162939,0
2719162940,0
10980916414,0
2719162894,0
2719162893,0
2719162908,0
2719162937,0
10980916413,0
2719162936,0
2719162938,0
2719162939,0
2719162940,0
10980916414,0
2719162894,0
2719162893,0
2719162908,0
2719162937,0
10980916413,0
2719162936,0
2719162938,0
2719162939,0
2719162940,0
10980916414,0
2719162894,0
2719162893,0
2719162908,0
2719162937,0
10980916413,0
2719162936,0
2719162938,0
2719162939,0
2719162940,0
10980916414,0
2719162941,0
2719162942,0
2719162943,0
2719162944,0
2719162894,0
2719162893,0
2719162908,0
10980916413,0
2719162940,0
2719162942,0
10980916414,0
2719162941,0
2719162943,0
2719162944,0
2719162894,0
2719162893,0
2719162908,0
10980916413,0
2719162942,0
2719162940,0
10980916414,0
2719162941,0
2719162943,0
2719162944,0
2719162894,0
2719162893,0
2719162908,0
10980916413,0
2719162942,0
2719162940,0
10980916414,0
2719162941,0
2719162943,0
2719162944,0
2719162894,0
2719162893,0
2719162908,0
10980916413,0
2719162942,0
2719162940,0
10980916414,0
2719162941,0
2719162943,0
2719162944,0
2719162894,0
2719162893,0
2719162908,0
10980916413,0
2719162942,0
2719162940,0
10980916414,0
2719162941,0
2719162943,0
2719162944,0
2719162894,0
10980916413,0
2719162945,0
2719162946,0
2719162947,0
2719162948,0
2719162940,0
2719162893,0
2719162908,0
10980916414,0
2719162946,0
2719162894,0
2719162945,0
2719162947,0
2719162948,0
2719162893,0
2719162908,0
10980916413,0
2719162940,0
10980916414,0
2719162946,0
2719162894,0
2719162945,0
2719162947,0
2719162948,0
10980916415,0
2719162908,0
10980916413,0
2719162940,0
10980916414,0
2719162946,0
2719162894,0
2719162945,0
2719162947,0
2719162948,0
10980916415,0
2719162908,0
10980916413,0
2719162940,0
10980916414,0
2719162946,0
2719162949,0
2719162945,0
2719162947,0
2719162948,0
10980916415,0
2719162908,0
10980916413,0
2719162940,0
10980916414,0
2719162946,0
2719162949,0
2719162945,0
2719162947,0
2719162948,0
2719162908,0
2719162950,0
2719162951,0
2719162952,0
2719162953,0
2719162940,0
2719162949,0
2719162951,0
2719162908,0
2719162950,0
2719162952,0
2719162953,0
2719162940,0
2719162949,0
2719162951,0
2719162908,0
2719162950,0
2719162952,0
2719162953,0
2719162940,0
2719162949,0
2719162951,0
2719162908,0
2719162950,0
2719162952,0
2719162953,0
2719162940,0
2719162949,0
2719162951,0
2719162908,0
2719162950,0
2719162952,0
2719162953,0
2719162940,0
2719162949,0
2719162951,0
2719162908,0
2719162950,0
2719162952,0
2719162953,0
2719162940,0
2719162949,0
2719162908,0
2719162940,0
2719162949,0
2719162908,0
2719162940,0
2719162949,0
2719162908,0
2719162940,0
2719162949,0
2719162908,0
2719162940,0
2719162949,0
2719162908,0
2719162940,0
2719162949,0
2719162908,0
2719162940,0
2719162949,0
2719162954,0
2719162940,0
2719162949,0
2719162954,0
2719162940,0
2719162949,0
2719162954,0
2719162940,0
2719162949,0
2719162954,0
2719162940,0
2719162949,0
2719162940,0
2719162954,0
2719162949,0
2719162954,0
2719162940,0
2719162949,0
2719162954,0
2719162940,0
2719162949,0
2719162954,0
2719162940,0
2719162949,0
2719162954,0
2719162940,0
2719162949,0
2719162954,0
2719162940,0
2719162949,0
2719162954,0
2719162940,0
2719162949,0
2719162954,0
2719162940,0
2719162949,0
2719162954,0
2719162940,0
2719162949,0
2719162954,0
2719162940,0
2719162949,0
2719162954,0
2719162940,0
2719162949,0
2719162954,0
2719162940,0
2719162949,0
2719162954,0
2719162940,0
2719162949,0
2719162954,0
2719162940,0
2719162949,0
2719162954,0
2719162940,0
2719162949,0
2719162954,0
2719162940,0
2719162949,0
2719162954,0
2719162940,0
2719162949,0
2719162954,0
2719162940,0
2719162949,0
2719162954,0
2719162940,0
2719162949,0
2719162954,0
2719162940,0
2719162949,0
2719162954,0
2719162940,0
2719162949,0
2719162940,0
2719162954,0
2719162949,0
2719162954,0
2719162940,0
2719162949,0
2719162954,0
2719162940,0
2719162949,0
2719162954,0
2719162940,0
2719162949,0
2719162954,0
2719162940,0
2719162949,0
2719162954,0
2719162940,0
2719162949,0
2719162954,0
2719162940,0
2719162949,0
2719162954,0
2719162940,0
2719162949,0
2719162954,0
2719162940,0
2719162949,0
2719162954,0
2719162940,0
2719162949,0
2719162954,0
2719162940,0
2719162949,0
2719162954,0
2719162940,0
2719162949,0
2719162954,0
2719162955,0
2719162949,0
2719162954,0
2719162955,0
2719162949,0
2719162954,0
2719162955,0
2719162949,0
2719162954,0
2719162955,0
2719162949,0
2719162954,0
2719162955,0
2719162949,0
2719162954,0
2719162955,0
2719162949,0
2719162954,0
2719162955,0
2719162949,0
2719162954,0
2719162955,0
2719162949,0
2719162954,0
2719162955,0
2719162949,0
2719162955,0
2719162954,0
2719162949,0
2719162954,0
2719162955,0
2719162949,0
2719162954,0
2719162955,0
2719162949,0
2719162954,0
2719162955,0
2719162949,0
2719162954,0
2719162955,0
2719162956,0
2719162954,0
2719162955,0
2719162956,0
2719162954,0
2719162955,0
2719162956,0
2719162954,0
2719162955,0
2719162956,0
2719162954,0
2719162955,0
2719162956,0
2719162954,0
2719162955,0
2719162956,0
2719162954,0
2719162955,0
2719162956,0
2719162954,0
2719162955,0
2719162956,0
2719162954,0
2719162955,0
2719162956,0
2719162954,0
2719162955,0
2719162956,0
2719162954,0
2719162955,0
2719162956,0
2719162954,0
2719162955,0
2719162956,0
2719162954,0
2719162955,0
2719162956,0
2719162954,0
2719162955,0
2719162956,0
2719162957,0
2719162955,0
2719162956,0
2719162957,0
2719162955,0
2719162956,0
2719162957,0
2719162955,0
2719162956,0
2719162955,0
2719162957,0
2719162956,0
2719162957,0
2719162955,0
2719162956,0
2719162957,0
2719162955,0
2719162956,0
2719162957,0
2719162955,0
2719162956,0
2719162957,0
2719162955,0
2719162956,0
2719162957,0
2719162955,0
2719162956,0
2719162957,0
2719162955,0
2719162956,0
2719162957,0
2719162955,0
2719162956,0
2719162957,0
2719162955,0
2719162956,0
2719162957,0
2719162955,0
2719162956,0
2719162957,0
2719162955,0
2719162956,0
2719162957,0
2719162955,0
2719162956,0
2719162957,0
2719162955,0
2719162956,0
2719162957,0
2719162955,0
2719162956,0
2719162957,0
2719162955,0
2719162956,0
2719162957,0
2719162955,0
2719162956,0
2719162957,0
2719162955,0
2719162956,0
2719162957,0
2719162955,0
2719162956,0
2719162957,0
2719162955,0
2719162956,0
2719162957,0
2719162955,0
2719162956,0
2719162957,0
2719162955,0
2719162956,0
2719162955,0
2719162957,0
2719162956,0
2719162957,0
2719162955,0
2719162956,0
2719162957,0
2719162955,0
2719162956,0
2719162957,0
2719162955,0
2719162956,0
2719162957,0
2719162955,0
2719162956,0
2719162957,0
2719162955,0
2719162956,0
2719162957,0
2719162955,0
2719162956,0
2719162957,0
2719162955,0
2719162956,0
2719162957,0
2719162955,0
2719162956,0
2719162957,0
2719162955,0
2719162956,0
2719162957,0
2719162955,0
2719162956,0
2719162957,0
2719162955,0
2719162956,0
2719162957,0
2719162955,0
2719162956,0
2719162957,0
2719162958,0
2719162956,0
2719162957,0
2719162958,0
2719162956,0
2719162957,0
2719162958,0
2719162956,0
2719162957,0
2719162958,0
2719162956,0
2719162957,0
2719162958,0
2719162956,0
2719162957,0
2719162958,0
2719162956,0
2719162957,0
2719162958,0
2719162956,0
2719162957,0
2719162958,0
2719162956,0
2719162958,0
2719162957,0
2719162956,0
2719162957,0
2719162958,0
2719162956,0
2719162957,0
2719162958,0
2719162956,0
2719162957,0
2719162958,0
2719162956,0
2719162957,0
2719162958,0
2719162956,0
2719162957,0
2719162958,0
2719162959,0
2719162957,0
2719162958,0
2719162959,0
2719162957,0
2719162958,0
2719162959,0
2719162957,0
2719162958,0
2719162959,0
2719162957,0
2719162958,0
2719162959,0
2719162957,0
2719162958,0
2719162959,0
2719162957,0
2719162958,0
2719162959,0
2719162957,0
2719162958,0
2719162959,0
2719162957,0
2719162958,0
2719162959,0
2719162957,0
2719162958,0
2719162959,0
2719162957,0
2719162958,0
2719162959,0
2719162957,0
2719162958,0
2719162959,0
2719162957,0
2719162958,0
2719162959,0
2719162957,0
2719162958,0
2719162959,0
2719162960,0
2719162958,0
2719162959,0
2719162960,0
2719162958,0
2719162959,0
2719162958,0
2719162960,0
2719162959,0
2719162960,0
2719162958,0
2719162959,0
2719162960,0
2719162958,0
2719162959,0
2719162960,0
2719162958,0
2719162959,0
2719162960,0
2719162958,0
2719162959,0
2719162960,0
2719162958,0
2719162959,0
2719162960,0
2719162958,0
2719162959,0
2719162960,0
2719162958,0
2719162959,0
2719162960,0
2719162958,0
2719162959,0
2719162960,0
2719162958,0
2719162959,0
2719162960,0
2719162958,0
2719162959,0
2719162960,0
2719162958,0
2719162959,0
2719162960,0
2719162958,0
2719162959,0
2719162960,0
2719162958,0
2719162959,0
2719162960,0
2719162958,0
2719162959,0
2719162960,0
2719162958,0
2719162959,0
2719162960,0
2719162958,0
2719162959,0
2719162960,0
2719162958,0
2719162959,0
2719162960,0
2719162958,0
2719162959,0
2719162960,0
2719162958,0
2719162959,0
2719162960,0
2719162958,0
2719162959,0
2719162958,0
2719162960,0
2719162959,0
2719162960,0
2719162958,0
2719162959,0
2719162960,0
2719162958,0
2719162959,0
2719162960,0
2719162958,0
2719162959,0
2719162960,0
2719162958,0
2719162959,0
2719162960,0
2719162958,0
2719162959,0
2719162960,0
2719162958,0
2719162959,0
2719162960,0
2719162958,0
2719162959,0
2719162960,0
2719162958,0
2719162959,0
2719162960,0
2719162958,0
2719162959,0
2719162960,0
2719162958,0
2719162959,0
2719162960,0
2719162958,0
2719162959,0
2719162960,0
2719162958,0
2719162959,0
2719162960,0
2719162958,0
2719162959,0
2719162960,0
2719162961,0
2719162959,0
2719162960,0
2719162961,0
2719162959,0
2719162960,0
2719162961,0
2719162959,0
2719162960,0
2719162961,0
2719162959,0
2719162960,0
2719162961,0
2719162959,0
2719162960,0
2719162961,0
2719162959,0
2719162960,0
2719162961,0
2719162959,0
2719162961,0
2719162960,0
2719162959,0
2719162960,0
2719162961,0
2719162959,0
2719162960,0
2719162961,0
2719162959,0
2719162960,0
2719162961,0
2719162959,0
2719162960,0
2719162961,0
2719162959,0
2719162960,0
2719162961,0
2719162959,0
2719162960,0
2719162961,0
2719162962,0
2719162960,0
2719162961,0
2719162962,0
2719162960,0
2719162961,0
2719162962,0
2719162960,0
2719162961,0
2719162962,0
2719162960,0
2719162961,0
2719162962,0
2719162960,0
2719162961,0
2719162962,0
2719162960,0
2719162961,0
2719162962,0
2719162960,0
2719162961,0
2719162962,0
2719162960,0
2719162961,0
2719162962,0
2719162960,0
2719162961,0
2719162842,0
2719162842,0
2719162839,0
2719162842,0
10980916404,0
2719162963,0
2719162963,0
2719162963,0
2719162963,0
2719162963,0
2719162963,0
2719162963,0
2719162963,0
2719162963,0
2719162963,0
2719162963,0
2719162963,0
2719162963,0
2719162963,0
2719162963,0
2719162963,0
2719162963,0
2719162963,0
2719162963,0
2719162963,0
2719162963,0
2719162963,0
2719162963,0
2719162963,0
2719162963,0
2719162963,0
2719162963,0
2719162964,0
2719162963,0
2719162964,0
2719162963,0
2719162963,0
2719162964,0
2719162964,0
2719162964,0
2719162964,0
2719162964,0
2719162964,0
2719162964,0
2719162964,0
2719162964,0
2719162964,0
2719162964,0
2719162964,0
2719162964,0
2719162964,0
2719162964,0
2719162964,0
2719162964,0
2719162964,0
2719162964,0
2719162964,0
2719162964,0
2719162964,0
2719162964,0
2719162964,0
2719162964,0
2719162964,0
2719162964,0
2719162964,0
2719162964,0
2719162964,0
2719162964,0
2719162964,0
2719162964,0
2719162964,0
2719162964,0
2719162964,0
2719162964,0
2719162964,0
2719162964,0
2719162964,0
2719162964,0
2719162964,0
2719162964,0
2719162964,0
2719162964,0
2719162964,0
2719162964,0
2719162964,0
2719162964,0
2719162964,0
2719162964,0
2719162964,0
2719162964,0
2719162964,0
2719162964,0
2719162964,0
2719162964,0
2719162964,0
2719162965,0
2719162964,0
2719162964,0
2719162964,0
2719162964,0
2719162965,0
2719162965,0
2719162965,0
2719162965,0
2719162965,0
2719162965,0
2719162965,0
2719162965,0
2719162965,0
2719162965,0
2719162965,0
2719162965,0
2719162965,0
2719162965,0
2719162965,0
2719162965,0
2719162965,0
2719162965,0
2719162965,0
2719162965,0
2719162965,0
2719162965,0
2719162965,0
2719162965,0
2719162965,0
2719162965,0
2719162965,0
2719162965,0
2719162965,0
2719162965,0
2719162965,0
2719162965,0
2719162965,0
2719162965,0
2719162965,0
2719162965,0
2719162965,0
2719162965,0
2719162965,0
2719162965,0
2719162965,0
2719162965,0
2719162965,0
2719162965,0
2719162965,0
2719162965,0
2719162965,0
2719162965,0
2719162965,0
2719162965,0
2719162965,0
2719162965,0
2719162965,0
2719162965,0
2719162965,0
2719162965,0
2719162965,0
2719162965,0
2719162965,0
2719162965,0
2719162965,0
2719162965,0
2719162965,0
2719162966,0
2719162966,0
2719162966,0
2719162966,0
2719162966,0
2719162966,0
2719162966,0
2719162966,0
2719162966,0
2719162966,0
2719162966,0
2719162966,0
2719162966,0
2719162966,0
2719162966,0
2719162966,0
2719162966,0
2719162966,0
2719162966,0
2719162966,0
2719162966,0
2719162966,0
2719162966,0
2719162966,0
2719162966,0
2719162966,0
2719162966,0
2719162966,0
2719162966,0
2719162966,0
2719162966,0
2719162966,0
2719162966,0
2719162966,0
2719162966,0
2719162966,0
2719162966,0
2719162966,0
2719162966,0
2719162966,0
2719162966,0
2719162966,0
2719162966,0
2719162966,0
2719162966,0
2719162966,0
2719162966,0
2719162966,0
2719162966,0
2719162966,0
2719162966,0
2719162966,0
2719162966,0
2719162966,0
2719162966,0
2719162966,0
2719162966,0
2719162966,0
2719162966,0
2719162966,0
2719162966,0
2719162966,0
2719162966,0
2719162966,0
2719162967,0
2719162967,0
2719162967,0
2719162967,0
2719162967,0
2719162967,0
2719162967,0
2719162967,0
2719162967,0
2719162967,0
2719162967,0
2719162967,0
2719162967,0
2719162967,0
2719162967,0
2719162967,0
2719162967,0
2719162967,0
2719162967,0
2719162967,0
2719162967,0
2719162967,0
2719162967,0
2719162967,0
2719162967,0
2719162967,0
2719162967,0
2719162967,0
2719162967,0
2719162967,0
2719162967,0
2719162967,0
2719162967,0
2719162967,0
2719162967,0
2719162967,0
2719162967,0
2719162967,0
2719162967,0
2719162967,0
2719162967,0
2719162967,0
2719162967,0
2719162967,0
2719162967,0
2719162967,0
2719162967,0
2719162967,0
2719162967,0
2719162967,0
2719162967,0
2719162967,0
2719162967,0
2719162967,0
2719162967,0
2719162967,0
2719162967,0
2719162967,0
2719162967,0
2719162967,0
2719162967,0
2719162967,0
2719162967,0
2719162968,0
2719162968,0
2719162967,0
2719162968,0
2719162968,0
2719162968,0
2719162968,0
2719162968,0
2719162968,0
2719162968,0
2719162968,0
2719162968,0
2719162968,0
2719162968,0
2719162968,0
2719162968,0
2719162968,0
2719162968,0
2719162968,0
2719162968,0
2719162968,0
2719162968,0
2719162968,0
2719162968,0
2719162968,0
2719162968,0
2719162968,0
2719162968,0
2719162968,0
2719162968,0
2719162842,0
2719162842,0
2719162842,0
2719162842,0
2719162829,0
2719162829,0
2719162828,0
2719162839,0
2719162969,0
2719162842,0
2719162842,0
2719162839,0
2719162839,0
2719162829,0
2719162829,0
2719162839,0
2719162839,0
2719162842,0
2719162839,0
2719162842,0
2719162828,0
2719162829,0
2719162842,0
2719162828,0
2719162842,0
2719162842,0
2719162828,0
2719162842,0
2719162842,0
2719162828,0
2719162842,0
2719162842,0
2719162829,0
2719162842,0
2719162829,0
2719162829,0
2719162829,0
2719162829,0
2719162842,0
2719162829,0
2719162842,0
2719162842,0
2719162829,0
2719162829,0
2719162842,0
2719162829,0
2719162842,0
2719162829,0
2719162842,0
2719162842,0
2719162829,0
2719162842,0
2719162842,0
2719162842,0
2719162842,0
2719162829,0
2719162842,0
2719162842,0
2719162842,0
2719162842,0
2719162842,0
2719162828,0
2719162842,0
2719162829,0
2719162842,0
2719162842,0
2719162842,0
2719162828,0
2719162828,0
2719162842,0
2719162842,0
2719162829,0
2719162970,0
2719162970,0
2719162970,0
2719162970,0
2719162970,0
2719162970,0
2719162970,0
2719162970,0
2719162970,0
2719162970,0
2719162828,0
2719162970,0
2719162970,0
2719162829,0
2719162970,0
2719162828,0
2719162970,0
2719162828,0
2719162828,0
2719162970,0
2719162970,0
2719162829,0
2719162970,0
2719162829,0
2719162970,0
2719162971,0
2719162971,0
10980916404,0
10980916400,0
2719162970,0
2719162828,0
2719162970,0
2719162970,0
2719162972,0
2719162972,0
2719162973,0
2719162974,0
2719162972,0
2719162970,0
2719162970,0
2719162839,0
2719162829,0
2719162970,0
2719162970,0
2719162839,0
2719162839,0
10980916404,0
2719162970,0
2719162970,0
2719162829,0
2719162829,0
2719162829,0
2719162970,0
2719162839,0
2719162970,0
2719162839,0
2719162970,0
2719162970,0
2719162970,0
2719162839,0
2719162970,0
2719162829,0
2719162829,0
2719162970,0
2719162839,0
2719162970,0
2719162829,0
2719162970,0
2719162839,0
2719162970,0
2719162829,0
2719162970,0
2719162839,0
2719162970,0
2719162829,0
2719162839,0
2719162970,0
2719162829,0
2719162970,0
2719162970,0
2719162839,0
2719162970,0
2719162829,0
2719162829,0
2719162970,0
2719162839,0
2719162970,0
2719162970,0
2719162839,0
2719162829,0
2719162970,0
2719162970,0
2719162829,0
2719162970,0
10980916361,0
2719162970,0
2719162839,0
2719162839,0
2719162970,0
2719162970,0
2719162839,0
2719162970,0
2719162839,0
2719162975,0
2719162839,0
2719162975,0
2719162975,0
2719162975,0
2719162828,0
2719162975,0
2719162975,0
2719162828,0
2719162975,0
2719162975,0
2719162975,0
2719162828,0
2719162828,0
2719162975,0
2719162975,0
2719162975,0
2719162975,0
2719162975,0
2719162975,0
2719162828,0
2719162839,0
2719162975,0
2719162976,0
2719162976,0
2719162976,0
10980916451,0
2719162976,0
10980916451,0
2719162976,0
10980916451,0
2719162976,0
2719162976,0
2719162976,0
2719162976,0
2719162976,0
2719162976,0
2719162976,0
2719162976,0
2719162976,0
2719162977,0
2719162976,0
2719162976,0
2719162976,0
2719162976,0
2719162976,0
2719162976,0
2719162976,0
2719162976,0
2719162976,0
2719162976,0
2719162976,0
2719162976,0
2719162976,0
2719162976,0
2719162976,0
2719162976,0
2719162976,0
2719162976,0
2719162976,0
2719162976,0
2719162976,0
2719162976,0
2719162976,0
2719162976,0
2719162976,0
2719162976,0
2719162976,0
2719162976,0
10980916361,0
10980916361,0
10980916361,0
10980916361,0
10980916361,0
10980916437,0
10980916452,0
10980916452,0
10980916452,0
2719162978,0
2719162976,0
2719162979,0
2719162980,0
10980916437,0
10980916399,0
10980916399,0
2719162976,0
2719162981,0
2719162982,0
2719162983,0
2719162976,0
2719162984,0
2719162985,0
2719162986,0
10980916452,0
2719162976,0
2719162976,0
2719162976,0
2719162976,0
2719162987,0
2719162987,0
2719162988,0
10980916403,0
2719162987,0
2719162987,0
2719162989,0
2719162987,0
2719162987,0
2719162987,0
2719162987,0
2719162987,0
2719162987,0
2719162987,0
2719162987,0
2719162987,0
2719162987,0
2719162987,0
2719162987,0
10980916422,0
2719162987,0
2719162987,0
2719162987,0
2719162828,0
2719162987,0
2719162987,0
2719162990,0
2719162990,0
2719162987,0
10980916403,0
2719162991,0
2719162987,0
2719162987,0
2719162992,0
2719162987,0
2719162987,0
2719162993,0
2719162994,0
2719162987,0
2719162987,0
2719162987,0
2719162995,0
2719162987,0
2719162987,0
2719162996,0
2719162987,0
2719162997,0
2719162987,0
2719162998,0
2719162999,0
2719163000,0
2719163001,0
2719163002,0
2719163003,0
2719163004,0
2719162987,0
2719163005,0
2719162987,0
2719163006,0
2719163007,0
2719163008,0
2719163009,0
2719162987,0
2719163010,0
10980916403,0
2719162987,0
2719162987,0
2719162987,0
2719162987,0
2719163011,0
2719163012,0
2719163013,0
2719163013,0
2719163014,0
2719162992,0
2719162990,0
2719162993,0
2719163004,0
2719162986,0
2719162982,0
2719162983,0
2719162978,0
2719162980,0
2719162990,0
2719162991,0
2719162998,0
2719163000,0
2719163011,0
2719163014,0
2719162995,0
2719162999,0
2719163001,0
2719162997,0
2719162996,0
2719163006,0
2719163008,0
2719163012,0
2719162994,0
2719163002,0
2719163003,0
2719163005,0
2719163007,0
2719163009,0
2719163010,0
2719162992,0
2719162990,0
2719162993,0
2719163004,0
2719162986,0
2719162982,0
2719162983,0
2719162978,0
2719162980,0
2719162990,0
2719162991,0
2719162998,0
2719163000,0
2719163011,0
2719163014,0
2719162995,0
2719162999,0
2719163001,0
2719162997,0
2719162996,0
2719163006,0
2719163008,0
2719163012,0
2719162994,0
2719163002,0
2719163003,0
2719163005,0
2719163009,0
2719163010,0
2719163007,0
2719162992,0
2719162990,0
2719162993,0
2719163004,0
2719162986,0
2719162982,0
2719162983,0
2719162978,0
2719162980,0
2719162987,0
2719162987,0
2719163015,0
2719162987,0
10980916422,0
2719162987,0
2719162987,0
2719163016,0
2719162987,0
2719162987,0
2719162987,0
2719162987,0
2719162987,0
2719163017,0
2719162987,0
41059520725,0
41059520726,0
41059520727,0
41059520728,0
41059520729,0
41059520730,0
41059520731,0
41059520731,0
41059520732,0
41059520732,0
2719162987,0
41059520732,0
41059520732,0
41059520733,0
41059520733,0
41059520733,0
41059520733,0
41059520734,0
41059520734,0
2719162987,0
2719162987,0
10980916403,0
2719162977,0
41059520735,0
41059520735,0
41059520735,0
10980916404,0
41059520735,0
41059520735,0
41059520735,0
41059520735,0
41059520735,0
41059520735,0
41059520735,0
41059520735,0
41059520735,0
10980916361,0
41059520735,0
41059520735,0
10980916361,0
41059520735,0
41059520735,0
10980916361,0
41059520735,0
41059520735,0
10980916361,0
41059520735,0
41059520735,0
10980916361,0
41059520735,0
41059520735,0
10980916361,0
41059520735,0
41059520735,0
10980916361,0
41059520735,0
41059520735,0
10980916361,0
41059520735,0
41059520736,0
41059520736,0
10980916361,0
41059520737,0
41059520737,0
41059520737,0
41059520737,0
41059520737,0
41059520736,0
41059520736,0
41059520736,0
41059520738,0
41059520736,0
41059520736,0
41059520736,0
41059520736,0
41059520737,0
41059520736,0
41059520736,0
41059520737,0
41059520736,0
41059520736,0
41059520737,0
41059520736,0
41059520736,0
41059520737,0
41059520736,0
41059520737,0
41059520736,0
41059520739,0
41059520739,0
41059520737,0
41059520740,0
41059520738,0
41059520739,0
41059520740,0
41059520739,0
41059520739,0
41059520739,0
41059520739,0
41059520738,0
41059520738,0
41059520740,0
41059520740,0
41059520738,0
41059520740,0
41059520740,0
41059520739,0
41059520739,0
41059520738,0
41059520740,0
41059520740,0
41059520740,0
41059520740,0
41059520740,0
41059520739,0
41059520739,0
41059520741,0
41059520739,0
41059520739,0
41059520739,0
41059520739,0
41059520740,0
41059520740,0
41059520740,0
41059520740,0
41059520740,0
41059520740,0
41059520740,0
41059520738,0
41059520739,0
41059520738,0
41059520738,0
41059520739,0
41059520738,0
41059520738,0
41059520740,0
41059520740,0
41059520738,0
41059520738,0
41059520740,0
41059520740,0
41059520738,0
41059520739,0
41059520739,0
41059520739,0
41059520739,0
41059520736,0
10980916361,0
41059520736,0
41059520736,0
41059520736,0
41059520736,0
41059520736,0
41059520736,0
41059520736,0
41059520736,0
10980916376,0
41059520736,0
41059520736,0
41059520736,0
41059520736,0
41059520736,0
41059520736,0
41059520736,0
41059520736,0
41059520736,0
41059520736,0
41059520736,0
41059520736,0
10980916359,0
10980916359,0
10980916359,0
10980916359,0
41059520742,0
10980916359,0
10980916393,0
10980916393,0
10980916359,0
41059520743,0
41059520743,0
41059520744,0
41059520743,0
41059520745,0
41059520743,0
41059520745,0
10980916390,0
41059520743,0
10980916359,0
10980916360,0
10980916360,0
10980916360,0
41059520743,0
41059520743,0
41059520743,0
41059520741,0
41059520743,0
41059520743,0
41059520743,0
41059520743,0
41059520743,0
41059520743,0
41059520743,0
41059520743,0
10980916375,0
41059520743,0
41059520743,0
41059520743,0
41059520743,0
41059520739,0
41059520739,0
41059520739,0
10980916403,0
41059520739,0
10980916403,0
41059520739,0
41059520739,0
10980916379,0
41059520739,0
41059520746,0
41059520746,0
41059520746,0
41059520746,0
41059520743,0
41059520743,0
41059520743,0
41059520743,0
41059520743,0
41059520747,0
41059520747,0
41059520737,0
41059520737,0
41059520747,0
41059520747,0
41059520747,0
41059520747,0
41059520741,0
41059520747,0
41059520747,0
41059520747,0
41059520747,0
41059520747,0
41059520747,0
41059520747,0
41059520736,0
41059520736,0
41059520736,0
10980916432,0
10980916453,0
10980916432,0
41059520743,0
41059520743,0
41059520743,0
41059520743,0
10980916361,0
10980916361,0
41059520743,0
41059520743,0
41059520743,0
41059520743,0
41059520743,0
41059520743,0
41059520743,0
41059520743,0
41059520743,0
41059520743,0
41059520748,0
41059520748,0
41059520737,0
41059520737,0
41059520737,0
41059520748,0
41059520748,0
41059520748,0
41059520748,0
41059520748,0
41059520748,0
41059520748,0
41059520748,0
41059520748,0
41059520748,0
41059520748,0
41059520749,0
41059520749,0
41059520749,0
41059520737,0
41059520737,0
41059520737,0
41059520737,0
41059520737,0
41059520749,0
41059520749,0
41059520737,0
41059520749,0
41059520749,0
41059520749,0
41059520749,0
41059520749,0
41059520749,0
41059520749,0
41059520749,0
41059520749,0
41059520745,0
41059520749,0
41059520749,0
41059520749,0
41059520749,0
41059520749,0
41059520749,0
41059520750,0
41059520750,0
41059520750,0
41059520750,0
41059520750,0
41059520750,0
41059520750,0
41059520750,0
41059520751,0
41059520750,0
41059520750,0
41059520750,0
41059520750,0
41059520750,0
41059520750,0
10980916376,0
41059520750,0
41059520750,0
41059520750,0
41059520750,0
41059520750,0
41059520750,0
41059520750,0
41059520750,0
41059520750,0
41059520750,0
41059520750,0
41059520750,0
41059520750,0
41059520750,0
41059520750,0
41059520750,0
41059520750,0
41059520750,0
41059520750,0
41059520749,0
41059520749,0
41059520749,0
41059520749,0
41059520739,0
41059520739,0
41059520737,0
41059520737,0
41059520739,0
41059520739,0
41059520739,0
41059520739,0
41059520739,0
41059520739,0
41059520739,0
41059520739,0
41059520739,0
41059520739,0
41059520739,0
41059520739,0
10980916376,0
41059520739,0
41059520739,0
41059520739,0
41059520749,0
41059520749,0
41059520748,0
41059520748,0
41059520748,0
41059520748,0
41059520748,0
41059520748,0
41059520748,0
41059520748,0
41059520748,0
41059520748,0
41059520748,0
41059520748,0
41059520748,0
41059520748,0
41059520748,0
41059520748,0
41059520748,0
41059520748,0
41059520748,0
41059520748,0
41059520748,0
41059520748,0
41059520749,0
41059520749,0
41059520749,0
41059520749,0
41059520749,0
41059520749,0
41059520749,0
41059520746,0
41059520746,0
41059520746,0
41059520746,0
41059520746,0
41059520746,0
41059520746,0
41059520746,0
41059520746,0
41059520746,0
41059520746,0
10980916376,0
41059520746,0
41059520746,0
41059520746,0
41059520746,0
41059520746,0
41059520746,0
41059520746,0
41059520746,0
41059520746,0
41059520746,0
41059520746,0
41059520746,0
41059520746,0
41059520746,0
41059520746,0
41059520746,0
41059520749,0
41059520749,0
41059520752,0
41059520752,0
41059520752,0
41059520752,0
41059520752,0
41059520752,0
41059520749,0
41059520749,0
41059520749,0
41059520746,0
41059520746,0
41059520749,0
41059520746,0
41059520746,0
41059520746,0
41059520746,0
41059520746,0
41059520746,0
41059520746,0
41059520746,0
41059520746,0
41059520746,0
41059520749,0
41059520749,0
41059520749,0
41059520749,0
41059520748,0
41059520743,0
41059520743,0
41059520743,0
41059520743,0
41059520743,0
41059520743,0
41059520743,0
41059520753,0
41059520753,0
41059520753,0
41059520753,0
41059520753,0
41059520753,0
41059520753,0
41059520753,0
41059520753,0
41059520753,0
41059520753,0
41059520735,0
41059520735,0
41059520735,0
41059520735,0
41059520735,0
41059520735,0
41059520754,0
41059520735,0
10980916439,0
41059520735,0
41059520755,0
41059520735,0
41059520735,0
41059520756,0
41059520735,0
41059520735,0
41059520757,0
41059520735,0
41059520758,0
41059520735,0
41059520759,0
41059520760,0
41059520735,0
41059520735,0
41059520761,0
41059520735,0
41059520762,0
41059520763,0
41059520764,0
41059520735,0
41059520765,0
2719163013,0
2719163013,0
2719163013,0
41059520766,0
41059520767,0
2719163013,0
41059520768,0
41059520768,0
2719163013,0
41059520768,0
41059520768,0
41059520769,0
2719163013,0
41059520770,0
2719162990,0
2719162991,0
2719162998,0
2719163000,0
2719163015,0
41059520771,0
41059520728,0
41059520731,0
41059520733,0
41059520732,0
41059520772,0
41059520755,0
2719163011,0
2719163014,0
41059520764,0
41059520766,0
41059520768,0
2719162997,0
2719163006,0
2719162995,0
2719162996,0
2719162999,0
2719163001,0
2719163008,0
41059520731,0
41059520732,0
41059520733,0
41059520740,0
41059520740,0
41059520738,0
41059520740,0
41059520740,0
41059520738,0
41059520740,0
10980916393,0
10980916393,0
41059520772,0
2719163012,0
41059520761,0
41059520767,0
41059520768,0
41059520736,0
41059520736,0
41059520748,0
41059520748,0
41059520748,0
41059520748,0
41059520748,0
41059520748,0
41059520748,0
41059520748,0
41059520748,0
41059520748,0
41059520748,0
41059520748,0
41059520752,0
41059520752,0
41059520752,0
41059520752,0
41059520752,0
41059520752,0
41059520752,0
41059520752,0
41059520752,0
41059520752,0
41059520748,0
41059520748,0
41059520748,0
41059520748,0
41059520748,0
41059520748,0
41059520748,0
2719162994,0
2719163002,0
2719163003,0
2719163005,0
2719163007,0
2719163009,0
2719163010,0
2719162992,0
2719162990,0
2719162993,0
2719163004,0
2719162986,0
2719162982,0
2719162983,0
2719162978,0
2719162980,0
2719162990,0
2719162991,0
2719162998,0
2719163000,0
2719163011,0
41059520773,0
2719162995,0
2719162999,0
2719163001,0
2719162997,0
2719162996,0
2719163006,0
2719163008,0
2719163012,0
2719162994,0
2719163002,0
2719163003,0
2719163005,0
2719163009,0
2719163010,0
2719163007,0
2719162992,0
2719162990,0
2719162993,0
2719163004,0
2719162986,0
2719162982,0
2719162983,0
2719162978,0
2719162980,0
2719162991,0
2719162998,0
2719163000,0
2719163011,0
41059520773,0
41059520774,0
41059520774,0
2719162992,0
41059520775,0
41059520776,0
2719162993,0
2719162995,0
2719162999,0
2719162997,0
2719162996,0
2719163001,0
2719163003,0
2719163004,0
2719163005,0
2719163006,0
2719163008,0
2719163009,0
2719163010,0
2719163002,0
2719163007,0
41059520777,0
41059520774,0
2719162998,0
2719163000,0
41059520773,0
2719163011,0
41059520774,0
41059520775,0
2719162995,0
2719162999,0
2719163001,0
2719162997,0
2719162996,0
2719163008,0
41059520778,0
41059520777,0
2719163003,0
2719163005,0
2719163002,0
2719163009,0
2719163010,0
2719163007,0
2719162986,0
2719162982,0
2719162983,0
2719162978,0
2719162980,0
2719162992,0
41059520776,0
2719162993,0
2719163004,0
41059520774,0
2719162998,0
2719163000,0
41059520773,0
2719163011,0
41059520774,0
41059520775,0
2719162995,0
2719162999,0
2719163001,0
2719162997,0
2719162996,0
2719163008,0
41059520778,0
41059520777,0
2719163003,0
2719163005,0
2719163002,0
2719163007,0
2719163009,0
2719163010,0
2719162986,0
2719162982,0
2719162983,0
2719162978,0
2719162980,0
2719162992,0
41059520776,0
2719162993,0
2719163004,0
41059520774,0
2719162998,0
2719163000,0
41059520773,0
2719163011,0
2719163015,0
2719163016,0
41059520726,0
41059520771,0
41059520725,0
41059520729,0
41059520727,0
41059520728,0
41059520730,0
41059520733,0
41059520734,0
41059520732,0
41059520734,0
41059520734,0
41059520732,0
41059520733,0
41059520733,0
41059520732,0
41059520732,0
41059520734,0
41059520733,0
41059520772,0
41059520754,0
41059520757,0
41059520756,0
10980916439,0
41059520755,0
41059520758,0
41059520759,0
41059520760,0
41059520761,0
41059520762,0
41059520763,0
41059520764,0
41059520765,0
41059520766,0
41059520767,0
41059520768,0
41059520768,0
41059520768,0
41059520768,0
41059520769,0
41059520770,0
41059520774,0
41059520775,0
2719162997,0
2719162995,0
2719162996,0
2719162999,0
2719163001,0
2719163008,0
41059520778,0
41059520733,0
41059520734,0
41059520732,0
41059520772,0
41059520777,0
41059520761,0
41059520767,0
41059520768,0
2719163003,0
2719163002,0
2719163005,0
2719163007,0
2719163009,0
2719163010,0
2719162986,0
2719162982,0
2719162983,0
2719162978,0
2719162980,0
41059520727,0
41059520729,0
41059520733,0
41059520734,0
41059520732,0
41059520749,0
41059520749,0
41059520749,0
41059520749,0
41059520749,0
41059520749,0
41059520749,0
41059520749,0
41059520749,0
41059520749,0
41059520754,0
10980916439,0
41059520758,0
41059520759,0
41059520760,0
41059520779,0
41059520768,0
41059520769,0
2719162992,0
41059520776,0
2719162993,0
2719163004,0
41059520774,0
2719162998,0
2719163000,0
41059520773,0
2719163011,0
41059520774,0
41059520775,0
2719162995,0
2719162999,0
2719163001,0
2719162997,0
2719162996,0
2719163008,0
41059520778,0
41059520777,0
2719163003,0
2719163005,0
2719163002,0
2719163007,0
2719163010,0
41059520780,0
2719162986,0
2719162982,0
2719162983,0
2719162978,0
2719162980,0
2719162992,0
41059520776,0
2719162993,0
2719163004,0
41059520774,0
2719162998,0
2719163000,0
41059520773,0
2719163011,0
41059520775,0
2719162995,0
2719162999,0
2719163001,0
2719162997,0
2719162996,0
41059520778,0
2719163008,0
41059520777,0
2719162992,0
41059520781,0
41059520782,0
41059520782,0
41059520783,0
2719162993,0
2719162998,0
2719163003,0
2719163004,0
2719163005,0
2719163002,0
2719163000,0
41059520780,0
2719163010,0
2719163007,0
41059520773,0
2719163011,0
41059520782,0
41059520784,0
2719162982,0
2719162983,0
2719162978,0
2719162980,0
2719162995,0
2719163001,0
2719162999,0
2719162997,0
2719162996,0
41059520778,0
2719163008,0
41059520777,0
41059520782,0
41059520781,0
2719163003,0
2719163005,0
2719163002,0
2719163007,0
41059520780,0
2719163010,0
2719162992,0
2719162993,0
2719163004,0
41059520783,0
2719162998,0
2719163000,0
41059520773,0
2719163011,0
41059520784,0
41059520782,0
2719162982,0
2719162983,0
2719162978,0
2719162980,0
2719162995,0
2719162999,0
2719163001,0
2719162997,0
41059520785,0
41059520778,0
2719163008,0
41059520777,0
41059520782,0
41059520781,0
2719163003,0
2719163005,0
2719163002,0
41059520780,0
2719163010,0
2719163007,0
2719162992,0
2719162993,0
2719163004,0
41059520783,0
2719162998,0
2719163000,0
41059520773,0
2719163011,0
41059520784,0
41059520782,0
2719162982,0
2719162983,0
2719162978,0
2719162980,0
2719162995,0
41059520785,0
2719163001,0
2719162999,0
2719162997,0
41059520778,0
2719163008,0
41059520777,0
2719163015,0
2719163016,0
41059520771,0
41059520725,0
41059520729,0
41059520726,0
41059520727,0
41059520728,0
41059520730,0
41059520733,0
41059520733,0
41059520733,0
41059520734,0
41059520734,0
41059520734,0
41059520734,0
41059520732,0
41059520732,0
41059520732,0
41059520732,0
41059520786,0
41059520754,0
41059520757,0
41059520756,0
10980916439,0
41059520755,0
41059520758,0
41059520759,0
41059520760,0
41059520761,0
41059520779,0
41059520763,0
41059520764,0
41059520765,0
41059520766,0
41059520787,0
41059520788,0
41059520788,0
41059520788,0
41059520788,0
41059520769,0
41059520770,0
41059520782,0
41059520781,0
2719163003,0
2719163002,0
2719163005,0
2719163007,0
2719163010,0
41059520729,0
41059520780,0
41059520727,0
41059520734,0
41059520732,0
41059520733,0
41059520754,0
41059520758,0
41059520759,0
41059520760,0
41059520779,0
41059520788,0
41059520769,0
41059520772,0
2719162992,0
2719162993,0
2719163004,0
2719163016,0
41059520726,0
41059520725,0
41059520730,0
41059520734,0
41059520733,0
41059520732,0
41059520757,0
41059520756,0
41059520763,0
41059520765,0
41059520788,0
41059520770,0
41059520783,0
2719162998,0
2719163000,0
2719163011,0
41059520773,0
41059520784,0
2719162982,0
2719162983,0
2719162978,0
2719162980,0
41059520782,0
2719162995,0
41059520785,0
2719162999,0
2719163001,0
2719162997,0
41059520778,0
2719163008,0
41059520777,0
41059520782,0
41059520781,0
2719163005,0
2719163002,0
41059520780,0
2719163010,0
2719163007,0
41059520789,0
2719162992,0
2719162993,0
2719163004,0
41059520783,0
41059520790,0
2719163000,0
41059520773,0
2719163011,0
41059520784,0
41059520782,0
2719162982,0
2719162983,0
2719162978,0
2719162980,0
2719162995,0
41059520785,0
2719162999,0
2719163001,0
2719162997,0
2719163008,0
41059520778,0
41059520777,0
41059520781,0
41059520789,0
2719163005,0
2719163002,0
2719163007,0
41059520780,0
2719163010,0
2719162992,0
41059520791,0
41059520792,0
41059520792,0
41059520793,0
2719162993,0
2719162995,0
41059520785,0
2719162999,0
2719162997,0
41059520790,0
2719163001,0
2719163004,0
2719163000,0
2719163008,0
41059520778,0
41059520777,0
41059520773,0
2719163011,0
41059520792,0
41059520789,0
2719163002,0
2719163005,0
41059520780,0
2719163010,0
2719163007,0
41059520792,0
41059520791,0
2719162992,0
2719162993,0
2719163004,0
41059520784,0
2719162982,0
2719162983,0
2719162978,0
2719162980,0
41059520790,0
2719163000,0
41059520773,0
2719163011,0
41059520793,0
2719162995,0
41059520785,0
2719162999,0
2719162997,0
2719163001,0
2719163008,0
41059520778,0
41059520777,0
41059520792,0
41059520789,0
2719163005,0
2719163002,0
2719163007,0
41059520780,0
2719163010,0
41059520792,0
41059520791,0
2719162992,0
2719162993,0
2719163004,0
41059520784,0
2719162982,0
2719162983,0
2719162978,0
2719162980,0
41059520790,0
2719163000,0
41059520773,0
2719163011,0
41059520793,0
2719162995,0
41059520785,0
2719162999,0
2719163001,0
2719162997,0
41059520778,0
2719163008,0
41059520777,0
41059520792,0
41059520789,0
2719163002,0
2719163005,0
41059520780,0
2719163010,0
2719163007,0
2719163015,0
2719163016,0
41059520726,0
41059520771,0
41059520725,0
41059520729,0
41059520727,0
41059520728,0
41059520730,0
41059520734,0
41059520734,0
41059520794,0
41059520794,0
41059520794,0
41059520794,0
41059520786,0
41059520786,0
41059520786,0
41059520786,0
41059520795,0
41059520795,0
41059520754,0
10980916439,0
41059520755,0
41059520757,0
41059520756,0
41059520796,0
41059520759,0
41059520760,0
41059520761,0
41059520779,0
41059520763,0
41059520764,0
41059520797,0
41059520766,0
41059520787,0
41059520788,0
41059520788,0
41059520788,0
41059520788,0
41059520769,0
41059520770,0
41059520792,0
2719162992,0
41059520791,0
2719162993,0
2719163004,0
41059520725,0
41059520726,0
2719163016,0
41059520730,0
41059520786,0
41059520734,0
41059520794,0
41059520757,0
41059520756,0
41059520763,0
41059520797,0
41059520788,0
41059520770,0
41059520772,0
10980916439,0
2719162978,0
41059520784,0
2719162982,0
2719162983,0
2719162980,0
2719163000,0
41059520790,0
2719163015,0
41059520771,0
41059520728,0
41059520786,0
41059520734,0
41059520794,0
41059520755,0
2719163011,0
41059520773,0
41059520764,0
41059520766,0
41059520788,0
41059520793,0
2719162995,0
41059520785,0
2719162999,0
2719163001,0
2719162997,0
41059520778,0
2719163008,0
41059520777,0
41059520792,0
41059520789,0
2719163005,0
41059520780,0
2719163010,0
2719163002,0
41059520798,0
41059520792,0
41059520791,0
2719162992,0
2719162993,0
2719163004,0
41059520784,0
41059520799,0
2719162983,0
2719162978,0
2719162980,0
41059520790,0
2719163000,0
2719163011,0
41059520773,0
41059520793,0
2719162995,0
41059520785,0
2719162999,0
2719163001,0
2719162997,0
2719163008,0
41059520778,0
41059520777,0
41059520792,0
41059520789,0
2719163005,0
41059520798,0
2719163002,0
41059520780,0
2719163010,0
2719162992,0
41059520791,0
2719162993,0
2719163004,0
41059520800,0
41059520800,0
41059520801,0
41059520802,0
2719162995,0
2719162999,0
41059520790,0
2719163001,0
2719162997,0
41059520785,0
41059520778,0
2719163005,0
2719163002,0
41059520780,0
2719163008,0
2719163010,0
41059520789,0
41059520798,0
41059520773,0
2719163011,0
41059520777,0
2719163000,0
41059520784,0
41059520799,0
2719162983,0
2719162978,0
2719162980,0
2719162992,0
41059520800,0
2719162993,0
2719163004,0
41059520801,0
41059520800,0
41059520790,0
2719163000,0
41059520773,0
2719163011,0
2719162995,0
2719162999,0
2719163001,0
2719162997,0
41059520785,0
2719163008,0
41059520778,0
41059520777,0
41059520802,0
41059520789,0
2719163005,0
2719163002,0
41059520798,0
41059520780,0
2719163010,0
41059520784,0
41059520799,0
2719162983,0
2719162978,0
2719162980,0
2719162992,0
41059520800,0
2719162993,0
2719163004,0
41059520800,0
41059520801,0
41059520790,0
2719163000,0
41059520773,0
2719163011,0
2719162995,0
2719162999,0
2719163001,0
2719162997,0
41059520785,0
41059520778,0
2719163008,0
41059520777,0
41059520802,0
2719163005,0
41059520780,0
2719163010,0
2719163002,0
41059520789,0
41059520798,0
41059520784,0
41059520799,0
2719162983,0
2719162978,0
2719162980,0
2719162992,0
41059520800,0
2719162993,0
2719163004,0
2719163015,0
2719163016,0
41059520729,0
41059520771,0
41059520725,0
41059520726,0
41059520727,0
41059520728,0
41059520730,0
41059520795,0
41059520795,0
41059520795,0
41059520794,0
41059520794,0
41059520794,0
41059520786,0
41059520786,0
41059520786,0
41059520795,0
41059520794,0
41059520786,0
41059520754,0
41059520757,0
41059520803,0
10980916439,0
41059520755,0
41059520796,0
41059520759,0
41059520760,0
41059520761,0
41059520779,0
41059520804,0
41059520764,0
41059520797,0
41059520766,0
41059520787,0
41059520788,0
41059520788,0
41059520788,0
41059520788,0
41059520769,0
41059520770,0
41059520800,0
41059520801,0
41059520790,0
2719163000,0
2719163015,0
41059520771,0
41059520728,0
41059520786,0
41059520794,0
41059520795,0
41059520755,0
2719163011,0
41059520773,0
41059520764,0
41059520766,0
41059520788,0
41059520772,0
2719162995,0
2719162997,0
41059520778,0
41059520785,0
2719162999,0
2719163001,0
2719163008,0
41059520794,0
41059520786,0
41059520795,0
41059520777,0
41059520761,0
41059520787,0
41059520788,0
41059520802,0
41059520789,0
2719163005,0
2719163002,0
41059520798,0
41059520780,0
2719163010,0
41059520784,0
41059520799,0
2719162983,0
2719162978,0
2719162980,0
41059520800,0
2719162992,0
2719162993,0
2719163004,0
41059520801,0
41059520800,0
41059520790,0
2719163000,0
41059520773,0
2719163011,0
2719162995,0
2719162999,0
2719163001,0
2719162997,0
41059520785,0
41059520778,0
2719163008,0
41059520777,0
41059520802,0
41059520789,0
2719163005,0
2719163002,0
41059520780,0
2719163010,0
41059520798,0
41059520784,0
41059520799,0
2719162983,0
2719162978,0
2719162980,0
2719162992,0
41059520800,0
2719162993,0
2719163004,0
41059520801,0
41059520790,0
2719163000,0
41059520773,0
2719163011,0
2719162992,0
41059520805,0
41059520806,0
41059520807,0
41059520808,0
2719162993,0
2719162995,0
41059520785,0
2719163001,0
2719162999,0
41059520789,0
2719163002,0
2719163004,0
2719162997,0
41059520778,0
41059520798,0
2719163008,0
2719163005,0
41059520780,0
2719163010,0
41059520777,0
41059520807,0
41059520790,0
2719163000,0
41059520773,0
2719163011,0
41059520805,0
41059520806,0
2719162995,0
41059520785,0
2719162999,0
2719162997,0
2719163001,0
41059520778,0
2719163008,0
41059520777,0
41059520784,0
41059520799,0
2719162983,0
2719162978,0
2719162980,0
2719163015,0
2719163016,0
41059520725,0
41059520729,0
41059520771,0
41059520809,0
41059520727,0
41059520728,0
41059520730,0
41059520794,0
41059520794,0
41059520794,0
41059520794,0
41059520795,0
41059520795,0
41059520795,0
41059520795,0
41059520786,0
41059520786,0
41059520786,0
41059520786,0
41059520754,0
41059520757,0
41059520803,0
10980916439,0
41059520810,0
41059520796,0
41059520759,0
41059520760,0
41059520761,0
41059520779,0
41059520804,0
41059520764,0
41059520797,0
41059520766,0
41059520787,0
41059520811,0
41059520811,0
41059520811,0
41059520811,0
41059520769,0
41059520770,0
41059520789,0
41059520798,0
2719163002,0
2719163005,0
41059520780,0
2719163010,0
2719162992,0
41059520808,0
2719162993,0
2719163004,0
41059520807,0
41059520790,0
2719163000,0
41059520773,0
2719163011,0
41059520807,0
41059520806,0
2719162995,0
41059520785,0
2719162997,0
2719162999,0
41059520812,0
2719163008,0
41059520778,0
41059520777,0
41059520784,0
41059520799,0
2719162983,0
2719162978,0
2719162980,0
41059520789,0
2719163005,0
41059520798,0
41059520780,0
2719163002,0
2719163010,0
2719162992,0
2719162993,0
41059520808,0
2719163004,0
41059520807,0
2719163000,0
41059520790,0
41059520773,0
2719163011,0
2719163015,0
2719163016,0
41059520725,0
41059520729,0
41059520771,0
41059520809,0
41059520727,0
41059520728,0
41059520730,0
41059520794,0
41059520786,0
41059520786,0
41059520794,0
41059520794,0
41059520786,0
41059520794,0
41059520795,0
41059520795,0
41059520795,0
41059520795,0
41059520813,0
41059520772,0
41059520754,0
10980916439,0
41059520814,0
41059520803,0
41059520810,0
41059520796,0
41059520759,0
41059520760,0
41059520761,0
41059520779,0
41059520804,0
41059520764,0
41059520797,0
41059520766,0
41059520787,0
41059520811,0
41059520811,0
41059520811,0
41059520811,0
41059520769,0
41059520770,0
41059520807,0
41059520806,0
2719162995,0
41059520785,0
41059520778,0
2719162999,0
41059520815,0
2719163008,0
41059520812,0
41059520786,0
41059520794,0
41059520795,0
10980916439,0
41059520816,0
41059520784,0
41059520799,0
41059520777,0
2719162983,0
2719162980,0
41059520761,0
41059520787,0
41059520811,0
2719163002,0
41059520789,0
2719163005,0
41059520798,0
41059520780,0
2719163010,0
41059520729,0
41059520727,0
41059520794,0
41059520786,0
41059520795,0
41059520754,0
41059520796,0
41059520759,0
41059520760,0
41059520779,0
41059520811,0
41059520769,0
2719162992,0
41059520808,0
2719162993,0
2719163004,0
41059520807,0
41059520790,0
2719163000,0
41059520773,0
2719163011,0
41059520807,0
41059520806,0
2719162995,0
41059520785,0
2719162999,0
41059520812,0
2719163008,0
41059520815,0
41059520778,0
41059520777,0
41059520784,0
41059520799,0
2719162983,0
41059520816,0
2719162980,0
41059520789,0
41059520798,0
2719163002,0
2719163005,0
41059520780,0
2719163010,0
2719162992,0
41059520808,0
2719162993,0
2719163004,0
41059520807,0
41059520790,0
2719163000,0
41059520773,0
2719163011,0
41059520806,0
2719162995,0
41059520785,0
2719162999,0
41059520812,0
41059520815,0
41059520778,0
2719163008,0
41059520777,0
41059520784,0
41059520799,0
2719162983,0
41059520816,0
2719162980,0
2719162992,0
41059520817,0
41059520818,0
41059520818,0
41059520819,0
2719162993,0
41059520790,0
41059520789,0
2719163002,0
2719163000,0
2719163004,0
2719163005,0
41059520798,0
41059520780,0
2719163010,0
41059520773,0
2719163011,0
2719163015,0
2719163016,0
41059520725,0
41059520771,0
41059520729,0
41059520809,0
41059520727,0
41059520728,0
41059520730,0
41059520795,0
41059520795,0
41059520795,0
41059520820,0
41059520820,0
41059520820,0
41059520820,0
41059520813,0
41059520813,0
41059520813,0
41059520813,0
41059520821,0
10980916393,0
10980916393,0
41059520754,0
10980916439,0
41059520810,0
41059520814,0
41059520803,0
41059520796,0
41059520759,0
41059520760,0
41059520761,0
41059520779,0
41059520804,0
41059520764,0
41059520797,0
41059520766,0
41059520787,0
41059520811,0
41059520811,0
41059520811,0
41059520811,0
41059520769,0
41059520770,0
41059520818,0
2719162995,0
41059520778,0
41059520785,0
2719162999,0
41059520815,0
2719163008,0
41059520812,0
41059520777,0
41059520795,0
41059520813,0
41059520820,0
41059520761,0
41059520787,0
41059520811,0
41059520818,0
41059520817,0
41059520789,0
2719163005,0
2719163002,0
41059520798,0
41059520780,0
2719163010,0
41059520729,0
41059520727,0
41059520795,0
41059520820,0
41059520813,0
41059520754,0
41059520796,0
41059520759,0
41059520760,0
41059520779,0
41059520811,0
41059520769,0
41059520772,0
2719162992,0
2719162993,0
2719163004,0
41059520784,0
41059520799,0
2719162983,0
41059520816,0
2719162980,0
41059520819,0
41059520790,0
2719163000,0
41059520773,0
2719163011,0
41059520818,0
2719162995,0
41059520785,0
41059520812,0
2719162999,0
41059520815,0
41059520778,0
2719163008,0
41059520777,0
41059520818,0
41059520817,0
2719163002,0
41059520789,0
2719163005,0
41059520798,0
41059520780,0
2719163010,0
2719162992,0
2719162993,0
2719163004,0
41059520784,0
41059520799,0
2719162983,0
41059520816,0
2719162980,0
41059520819,0
41059520790,0
2719163000,0
41059520773,0
2719163011,0
41059520818,0
2719162995,0
41059520785,0
41059520812,0
2719162999,0
41059520815,0
41059520778,0
41059520822,0
41059520777,0
2719163015,0
2719163016,0
41059520771,0
41059520823,0
41059520729,0
41059520809,0
41059520727,0
41059520728,0
41059520730,0
41059520795,0
41059520795,0
41059520820,0
41059520820,0
41059520820,0
41059520820,0
41059520813,0
41059520813,0
41059520813,0
41059520813,0
41059520821,0
41059520821,0
41059520754,0
41059520814,0
41059520803,0
10980916439,0
41059520810,0
41059520796,0
41059520759,0
41059520760,0
41059520761,0
41059520779,0
41059520804,0
41059520764,0
41059520797,0
41059520766,0
41059520787,0
41059520811,0
41059520811,0
41059520811,0
41059520811,0
41059520769,0
41059520770,0
41059520772,0
41059520818,0
41059520817,0
41059520780,0
2719163002,0
41059520789,0
2719163005,0
41059520798,0
2719163010,0
41059520727,0
41059520729,0
41059520820,0
41059520813,0
41059520795,0
41059520754,0
41059520796,0
41059520759,0
41059520760,0
41059520779,0
41059520811,0
41059520769,0
2719162992,0
2719162993,0
2719163004,0
41059520784,0
41059520799,0
2719162983,0
41059520816,0
2719162980,0
41059520819,0
41059520790,0
2719163000,0
41059520773,0
2719163011,0
41059520818,0
2719162995,0
41059520785,0
41059520815,0
2719162999,0
41059520812,0
41059520822,0
41059520778,0
41059520777,0
41059520818,0
41059520817,0
41059520789,0
2719163005,0
41059520798,0
2719163002,0
41059520780,0
2719163010,0
2719162992,0
2719162993,0
2719163004,0
41059520784,0
41059520799,0
2719162983,0
41059520816,0
2719162980,0
41059520819,0
41059520790,0
2719163000,0
41059520773,0
2719163011,0
41059520818,0
2719162995,0
41059520785,0
41059520815,0
2719162999,0
41059520812,0
41059520778,0
41059520822,0
41059520777,0
41059520817,0
41059520789,0
2719163005,0
41059520798,0
41059520780,0
2719163002,0
2719163010,0
2719162992,0
41059520824,0
41059520824,0
41059520825,0
41059520826,0
2719162993,0
2719162995,0
41059520785,0
2719162999,0
41059520815,0
41059520790,0
2719163004,0
41059520812,0
41059520822,0
41059520778,0
2719163015,0
2719163016,0
41059520771,0
2719163000,0
41059520823,0
41059520809,0
41059520727,0
41059520728,0
41059520729,0
41059520827,0
41059520821,0
41059520821,0
41059520821,0
41059520821,0
41059520820,0
41059520820,0
41059520820,0
41059520820,0
41059520813,0
41059520813,0
41059520813,0
41059520813,0
41059520754,0
10980916439,0
41059520810,0
41059520814,0
2719163011,0
41059520803,0
41059520777,0
41059520796,0
41059520773,0
41059520759,0
41059520760,0
41059520761,0
41059520779,0
41059520804,0
41059520828,0
41059520797,0
41059520766,0
41059520787,0
41059520811,0
41059520811,0
41059520811,0
41059520811,0
41059520769,0
41059520770,0
41059520772,0
41059520824,0
41059520780,0
2719163002,0
41059520789,0
2719163005,0
41059520798,0
2719163010,0
41059520729,0
41059520727,0
41059520820,0
41059520813,0
41059520821,0
41059520754,0
41059520796,0
41059520759,0
41059520760,0
41059520779,0
41059520811,0
41059520769,0
10980916439,0
41059520816,0
41059520784,0
41059520799,0
2719162983,0
2719162980,0
10980916393,0
10980916393,0
41059520824,0
41059520825,0
2719162992,0
2719162993,0
2719163004,0
2719163016,0
41059520823,0
41059520809,0
41059520827,0
41059520821,0
41059520820,0
41059520813,0
41059520814,0
41059520803,0
41059520804,0
41059520797,0
41059520811,0
41059520770,0
41059520790,0
2719163000,0
2719163015,0
41059520771,0
41059520728,0
41059520821,0
41059520820,0
41059520813,0
41059520810,0
2719163011,0
41059520773,0
41059520828,0
41059520766,0
41059520811,0
41059520826,0
2719162995,0
41059520785,0
41059520812,0
41059520815,0
2719162999,0
41059520822,0
41059520778,0
41059520777,0
41059520824,0
41059520789,0
2719163002,0
2719163005,0
41059520798,0
41059520780,0
2719163010,0
41059520784,0
41059520799,0
2719162983,0
41059520816,0
2719162980,0
41059520824,0
41059520825,0
2719162992,0
2719162993,0
2719163004,0
41059520790,0
41059520773,0
2719163000,0
2719163011,0
41059520826,0
2719162995,0
41059520785,0
41059520812,0
41059520815,0
2719162999,0
41059520778,0
41059520822,0
41059520777,0
41059520824,0
41059520789,0
2719163005,0
41059520798,0
2719163002,0
41059520780,0
2719163010,0
41059520829,0
2719163016,0
41059520729,0
41059520771,0
41059520823,0
41059520809,0
41059520727,0
41059520830,0
41059520827,0
41059520821,0
41059520821,0
41059520821,0
41059520821,0
41059520820,0
41059520820,0
41059520820,0
41059520820,0
41059520813,0
41059520813,0
41059520813,0
41059520813,0
41059520754,0
41059520814,0
41059520803,0
10980916439,0
41059520810,0
41059520796,0
41059520759,0
41059520760,0
41059520761,0
41059520779,0
41059520804,0
41059520828,0
41059520797,0
41059520766,0
41059520787,0
41059520811,0
41059520811,0
41059520811,0
41059520811,0
41059520769,0
41059520770,0
10980916439,0
41059520816,0
41059520784,0
41059520799,0
2719162983,0
2719162980,0
41059520824,0
41059520825,0
2719162992,0
2719162993,0
2719163004,0
2719163016,0
41059520823,0
41059520809,0
41059520827,0
41059520821,0
41059520820,0
41059520813,0
41059520814,0
41059520803,0
41059520804,0
41059520797,0
41059520811,0
41059520770,0
41059520831,0
41059520790,0
2719163000,0
2719163011,0
41059520773,0
41059520826,0
2719162995,0
41059520785,0
2719162999,0
41059520815,0
41059520812,0
41059520778,0
41059520822,0
41059520777,0
41059520824,0
41059520789,0
41059520798,0
2719163002,0
41059520832,0
41059520780,0
2719163010,0
41059520784,0
41059520799,0
2719162983,0
41059520816,0
2719162980,0
41059520824,0
2719162992,0
41059520825,0
2719162993,0
2719163004,0
41059520790,0
2719163000,0
41059520773,0
2719163011,0
41059520826,0
2719162995,0
41059520785,0
2719162999,0
41059520815,0
41059520822,0
41059520812,0
41059520778,0
41059520777,0
41059520824,0
41059520789,0
41059520832,0
41059520798,0
41059520780,0
41059520833,0
2719163010,0
41059520784,0
41059520799,0
2719162983,0
41059520816,0
2719162980,0
2719162992,0
41059520825,0
2719162993,0
2719163004,0
41059520834,0
41059520834,0
41059520835,0
41059520836,0
2719162995,0
41059520785,0
2719163000,0
2719162999,0
41059520815,0
41059520790,0
41059520833,0
41059520832,0
41059520798,0
41059520780,0
41059520822,0
2719163010,0
41059520812,0
41059520789,0
41059520778,0
41059520829,0
2719163016,0
41059520729,0
41059520771,0
41059520823,0
41059520809,0
41059520727,0
41059520830,0
41059520827,0
41059520821,0
41059520821,0
41059520821,0
41059520821,0
41059520820,0
41059520820,0
41059520820,0
41059520820,0
41059520813,0
41059520813,0
41059520813,0
41059520813,0
41059520740,0
41059520740,0
41059520738,0
41059520738,0
41059520740,0
41059520738,0
41059520740,0
41059520754,0
41059520814,0
41059520803,0
10980916439,0
41059520810,0
2719163011,0
41059520777,0
41059520796,0
41059520773,0
41059520759,0
41059520760,0
41059520761,0
41059520779,0
41059520804,0
41059520828,0
41059520797,0
41059520766,0
41059520787,0
41059520811,0
41059520837,0
41059520837,0
41059520837,0
41059520769,0
41059520770,0
2719162992,0
41059520834,0
2719162993,0
2719163004,0
2719163016,0
41059520809,0
41059520823,0
41059520827,0
41059520820,0
41059520821,0
41059520813,0
41059520814,0
41059520803,0
41059520804,0
41059520797,0
41059520837,0
41059520770,0
41059520834,0
41059520835,0
41059520790,0
2719163000,0
41059520829,0
41059520771,0
41059520830,0
41059520820,0
41059520821,0
41059520813,0
41059520810,0
2719163011,0
41059520773,0
41059520828,0
41059520766,0
41059520837,0
2719162995,0
41059520785,0
2719162999,0
41059520815,0
41059520812,0
41059520822,0
41059520778,0
41059520777,0
41059520784,0
41059520799,0
2719162983,0
41059520816,0
2719162980,0
41059520836,0
41059520833,0
41059520832,0
41059520798,0
41059520780,0
41059520789,0
2719163010,0
2719162992,0
41059520834,0
2719162993,0
2719163004,0
41059520834,0
41059520835,0
41059520790,0
41059520773,0
2719163000,0
2719163011,0
2719162995,0
41059520785,0
2719162999,0
41059520815,0
41059520812,0
41059520778,0
41059520822,0
41059520777,0
41059520784,0
41059520799,0
2719162983,0
41059520816,0
2719162980,0
41059520836,0
41059520833,0
41059520832,0
41059520798,0
41059520789,0
41059520780,0
2719163010,0
41059520829,0
2719163016,0
41059520729,0
41059520771,0
41059520823,0
41059520809,0
41059520727,0
41059520830,0
41059520827,0
41059520821,0
41059520821,0
41059520821,0
41059520821,0
41059520820,0
41059520820,0
41059520820,0
41059520820,0
41059520813,0
41059520813,0
41059520813,0
41059520838,0
41059520754,0
41059520814,0
41059520803,0
10980916439,0
41059520810,0
41059520796,0
41059520759,0
41059520760,0
41059520761,0
41059520779,0
41059520804,0
41059520828,0
41059520797,0
41059520766,0
41059520787,0
41059520837,0
41059520837,0
41059520837,0
41059520837,0
41059520769,0
41059520770,0
2719162992,0
41059520834,0
2719162993,0
2719163004,0
41059520809,0
2719163016,0
41059520823,0
41059520827,0
41059520820,0
41059520821,0
41059520813,0
41059520803,0
41059520814,0
41059520804,0
41059520797,0
41059520837,0
41059520770,0
41059520834,0
41059520835,0
41059520790,0
41059520829,0
2719163000,0
41059520771,0
41059520830,0
41059520821,0
41059520820,0
41059520813,0
41059520810,0
2719163011,0
41059520773,0
41059520828,0
41059520766,0
41059520837,0
2719162995,0
41059520785,0
41059520815,0
41059520812,0
2719162999,0
41059520822,0
41059520778,0
41059520777,0
41059520784,0
41059520799,0
2719162983,0
41059520816,0
2719162980,0
41059520836,0
41059520833,0
41059520832,0
41059520798,0
41059520780,0
2719163010,0
41059520789,0
41059520839,0
2719162992,0
2719162993,0
2719163004,0
41059520834,0
41059520840,0
41059520790,0
41059520773,0
2719163000,0
2719163011,0
2719162995,0
41059520785,0
41059520815,0
41059520812,0
2719162999,0
41059520822,0
41059520778,0
41059520777,0
41059520784,0
41059520799,0
2719162983,0
41059520816,0
2719162980,0
41059520841,0
41059520832,0
41059520798,0
41059520833,0
41059520789,0
41059520780,0
2719163010,0
2719162992,0
41059520839,0
41059520842,0
2719163004,0
41059520840,0
41059520790,0
2719163000,0
41059520773,0
2719163011,0
2719162992,0
41059520843,0
41059520844,0
41059520844,0
41059520845,0
41059520842,0
2719162995,0
41059520785,0
2719162999,0
41059520833,0
41059520815,0
41059520789,0
2719163004,0
41059520832,0
41059520798,0
41059520812,0
41059520778,0
41059520822,0
41059520780,0
2719163010,0
41059520829,0
2719163016,0
41059520729,0
41059520771,0
41059520823,0
41059520809,0
41059520727,0
41059520830,0
41059520827,0
41059520821,0
41059520821,0
41059520821,0
41059520846,0
41059520846,0
41059520846,0
41059520846,0
41059520838,0
41059520838,0
41059520838,0
41059520838,0
41059520847,0
41059520754,0
41059520814,0
41059520803,0
10980916439,0
41059520810,0
41059520777,0
41059520796,0
41059520759,0
41059520848,0
41059520761,0
41059520779,0
41059520804,0
41059520828,0
41059520797,0
41059520766,0
41059520787,0
41059520837,0
41059520837,0
41059520837,0
41059520837,0
41059520769,0
41059520770,0
41059520844,0
41059520790,0
41059520829,0
2719163000,0
41059520771,0
41059520830,0
41059520821,0
41059520846,0
41059520838,0
10980916439,0
41059520816,0
41059520810,0
41059520784,0
2719163011,0
41059520799,0
2719162983,0
41059520773,0
2719162980,0
41059520828,0
41059520766,0
41059520837,0
41059520844,0
41059520843,0
2719162995,0
41059520778,0
41059520785,0
2719162999,0
41059520812,0
41059520822,0
41059520815,0
41059520821,0
41059520846,0
41059520838,0
41059520777,0
41059520761,0
41059520787,0
41059520837,0
41059520833,0
41059520789,0
41059520832,0
41059520798,0
41059520780,0
2719163010,0
41059520729,0
41059520727,0
41059520821,0
41059520846,0
41059520838,0
41059520849,0
41059520796,0
41059520759,0
41059520848,0
41059520779,0
41059520837,0
41059520769,0
2719162992,0
41059520845,0
41059520842,0
2719163004,0
41059520844,0
41059520790,0
41059520773,0
2719163000,0
2719163011,0
41059520784,0
41059520799,0
2719162983,0
41059520816,0
2719162980,0
41059520844,0
41059520843,0
2719162995,0
41059520785,0
41059520812,0
41059520815,0
2719162999,0
41059520778,0
41059520822,0
41059520777,0
41059520833,0
41059520789,0
41059520832,0
41059520798,0
41059520780,0
2719163010,0
41059520829,0
2719163016,0
41059520729,0
41059520771,0
41059520823,0
41059520809,0
41059520727,0
41059520830,0
41059520827,0
41059520821,0
41059520821,0
41059520821,0
41059520846,0
41059520846,0
41059520846,0
41059520846,0
41059520838,0
41059520838,0
41059520838,0
41059520838,0
41059520847,0
41059520849,0
41059520814,0
41059520803,0
10980916439,0
41059520810,0
41059520796,0
41059520850,0
41059520848,0
41059520761,0
41059520779,0
41059520804,0
41059520828,0
41059520797,0
41059520766,0
41059520787,0
41059520837,0
41059520837,0
41059520837,0
41059520837,0
41059520769,0
41059520770,0
2719162992,0
41059520845,0
41059520842,0
2719163004,0
2719163016,0
41059520823,0
41059520809,0
41059520827,0
41059520846,0
41059520838,0
41059520847,0
41059520814,0
41059520803,0
41059520804,0
41059520797,0
41059520837,0
41059520770,0
41059520844,0
41059520790,0
2719163000,0
41059520829,0
41059520771,0
41059520830,0
41059520821,0
41059520846,0
41059520838,0
41059520851,0
41059520816,0
41059520810,0
41059520784,0
2719163011,0
41059520799,0
2719162983,0
41059520773,0
2719162980,0
41059520828,0
41059520766,0
41059520837,0
41059520844,0
41059520843,0
2719162995,0
2719162999,0
41059520778,0
41059520785,0
41059520815,0
41059520822,0
41059520812,0
41059520821,0
41059520846,0
41059520838,0
41059520777,0
41059520761,0
41059520787,0
41059520837,0
41059520833,0
41059520789,0
41059520832,0
41059520798,0
41059520780,0
2719163010,0
2719162992,0
41059520845,0
41059520842,0
2719163004,0
41059520844,0
41059520790,0
2719163000,0
41059520773,0
2719163011,0
41059520784,0
41059520799,0
2719162983,0
41059520816,0
2719162980,0
41059520844,0
41059520843,0
2719162995,0
41059520785,0
2719162999,0
41059520815,0
41059520812,0
41059520822,0
41059520778,0
41059520777,0
41059520833,0
41059520789,0
41059520832,0
41059520798,0
41059520780,0
2719163010,0
2719162992,0
41059520845,0
41059520842,0
2719163004,0
41059520844,0
41059520790,0
41059520852,0
41059520773,0
2719163011,0
41059520784,0
41059520799,0
2719162983,0
41059520816,0
2719162980,0
41059520843,0
41059520785,0
2719162999,0
41059520815,0
41059520853,0
41059520812,0
41059520778,0
41059520822,0
41059520777,0
2719162992,0
41059520854,0
41059520855,0
41059520855,0
41059520856,0
41059520842,0
41059520790,0
41059520852,0
41059520833,0
41059520789,0
2719163004,0
41059520832,0
41059520798,0
41059520780,0
2719163010,0
41059520829,0
2719163016,0
41059520729,0
41059520771,0
41059520823,0
41059520809,0
41059520727,0
41059520830,0
41059520827,0
41059520847,0
41059520847,0
41059520847,0
41059520847,0
41059520846,0
41059520846,0
41059520846,0
41059520846,0
41059520838,0
41059520838,0
41059520838,0
41059520838,0
41059520849,0
41059520814,0
41059520803,0
41059520851,0
41059520810,0
2719163011,0
41059520796,0
41059520773,0
41059520850,0
41059520848,0
41059520761,0
41059520779,0
41059520804,0
41059520828,0
41059520797,0
41059520766,0
41059520787,0
41059520837,0
41059520837,0
41059520837,0
41059520837,0
41059520857,0
41059520770,0
41059520855,0
2719162999,0
41059520778,0
41059520853,0
41059520785,0
41059520815,0
41059520812,0
41059520822,0
41059520847,0
41059520846,0
41059520838,0
41059520777,0
41059520761,0
41059520787,0
41059520837,0
41059520855,0
41059520854,0
41059520832,0
41059520833,0
41059520789,0
41059520798,0
41059520780,0
2719163010,0
41059520729,0
41059520727,0
41059520847,0
41059520846,0
41059520838,0
41059520849,0
41059520796,0
41059520850,0
41059520848,0
41059520779,0
41059520837,0
41059520857,0
41059520851,0
41059520816,0
41059520784,0
41059520799,0
2719162983,0
2719162980,0
2719162992,0
41059520842,0
41059520858,0
2719163016,0
41059520823,0
41059520809,0
41059520827,0
41059520847,0
41059520846,0
41059520838,0
10980916393,0
41059520742,0
41059520814,0
41059520803,0
41059520804,0
41059520797,0
41059520837,0
41059520770,0
41059520856,0
41059520790,0
41059520852,0
41059520829,0
41059520771,0
41059520830,0
41059520847,0
41059520846,0
41059520838,0
41059520810,0
2719163011,0
41059520773,0
41059520828,0
41059520766,0
41059520837,0
41059520855,0
2719162999,0
41059520778,0
41059520853,0
41059520785,0
41059520815,0
41059520812,0
41059520822,0
41059520847,0
41059520846,0
41059520838,0
41059520777,0
41059520761,0
41059520787,0
41059520837,0
41059520855,0
41059520854,0
41059520833,0
41059520832,0
41059520798,0
41059520780,0
2719163010,0
41059520789,0
41059520729,0
41059520727,0
41059520847,0
41059520846,0
41059520838,0
41059520849,0
41059520851,0
41059520816,0
41059520784,0
41059520799,0
2719162983,0
41059520796,0
2719162980,0
41059520850,0
41059520848,0
41059520779,0
41059520837,0
41059520857,0
41059520859,0
41059520842,0
41059520858,0
2719163016,0
41059520823,0
41059520809,0
41059520827,0
41059520847,0
41059520846,0
41059520838,0
41059520814,0
41059520803,0
41059520804,0
41059520797,0
41059520837,0
41059520770,0
41059520831,0
41059520856,0
41059520790,0
41059520852,0
2719163011,0
41059520773,0
41059520829,0
41059520771,0
41059520830,0
41059520847,0
41059520846,0
41059520838,0
41059520810,0
41059520828,0
41059520766,0
41059520837,0
41059520855,0
2719162999,0
41059520853,0
41059520785,0
41059520778,0
41059520815,0
41059520812,0
41059520822,0
41059520847,0
41059520846,0
41059520838,0
41059520777,0
41059520761,0
41059520787,0
41059520837,0
41059520855,0
41059520854,0
41059520832,0
41059520833,0
41059520789,0
41059520798,0
41059520780,0
2719163010,0
41059520729,0
41059520727,0
41059520847,0
41059520846,0
41059520838,0
41059520849,0
41059520796,0
41059520850,0
41059520848,0
41059520779,0
41059520837,0
41059520857,0
41059520784,0
41059520799,0
2719162983,0
41059520816,0
2719162980,0
41059520859,0
41059520842,0
41059520858,0
41059520856,0
41059520790,0
41059520773,0
10980916424,0
41059520852,0
41059520855,0
41059520785,0
41059520812,0
41059520815,0
41059520853,0
41059520778,0
2719162999,0
41059520822,0
41059520777,0
41059520855,0
41059520854,0
41059520833,0
41059520789,0
41059520832,0
41059520798,0
41059520780,0
2719163010,0
41059520859,0
41059520784,0
41059520799,0
2719162983,0
41059520816,0
2719162980,0
41059520842,0
41059520858,0
41059520856,0
41059520790,0
41059520852,0
10980916424,0
41059520773,0
41059520855,0
41059520785,0
41059520812,0
41059520815,0
41059520853,0
2719162999,0
41059520822,0
41059520778,0
41059520777,0
41059520854,0
41059520833,0
41059520789,0
41059520832,0
41059520798,0
41059520780,0
2719163010,0
41059520860,0
41059520861,0
41059520861,0
41059520859,0
41059520862,0
41059520842,0
41059520790,0
41059520812,0
41059520815,0
41059520853,0
41059520785,0
41059520858,0
2719162999,0
41059520778,0
41059520822,0
41059520829,0
41059520863,0
41059520852,0
41059520729,0
41059520771,0
41059520823,0
41059520809,0
41059520864,0
41059520830,0
41059520827,0
41059520847,0
41059520847,0
41059520847,0
41059520847,0
41059520846,0
41059520846,0
41059520846,0
41059520846,0
41059520838,0
41059520838,0
41059520838,0
41059520838,0
41059520849,0
41059520814,0
41059520803,0
41059520851,0
41059520810,0
10980916424,0
41059520777,0
41059520796,0
41059520773,0
41059520850,0
41059520848,0
41059520761,0
41059520779,0
41059520804,0
41059520828,0
41059520797,0
41059520766,0
41059520787,0
41059520837,0
41059520865,0
41059520865,0
41059520865,0
41059520857,0
41059520770,0
41059520851,0
41059520816,0
41059520784,0
41059520799,0
2719162983,0
2719162980,0
41059520861,0
41059520833,0
41059520780,0
41059520789,0
41059520832,0
41059520798,0
2719163010,0
41059520729,0
41059520864,0
41059520847,0
41059520846,0
41059520838,0
41059520849,0
41059520796,0
41059520850,0
41059520848,0
41059520779,0
41059520865,0
41059520857,0
41059520861,0
41059520860,0
41059520859,0
41059520842,0
41059520858,0
41059520863,0
41059520823,0
41059520809,0
41059520827,0
41059520847,0
41059520846,0
41059520838,0
41059520803,0
41059520814,0
41059520804,0
41059520797,0
41059520865,0
41059520770,0
41059520790,0
41059520829,0
41059520852,0
41059520771,0
41059520830,0
41059520847,0
41059520846,0
41059520838,0
41059520810,0
10980916424,0
41059520773,0
41059520828,0
41059520766,0
41059520837,0
41059520862,0
2719162999,0
41059520853,0
41059520778,0
41059520785,0
41059520815,0
41059520812,0
41059520822,0
41059520847,0
41059520846,0
41059520838,0
41059520777,0
41059520866,0
41059520787,0
41059520865,0
41059520851,0
41059520816,0
41059520784,0
41059520799,0
2719162983,0
2719162980,0
41059520861,0
41059520833,0
41059520789,0
41059520832,0
41059520798,0
41059520780,0
2719163010,0
41059520729,0
41059520864,0
41059520847,0
41059520846,0
41059520838,0
41059520849,0
41059520796,0
41059520850,0
41059520848,0
41059520779,0
41059520865,0
41059520857,0
41059520861,0
41059520860,0
41059520859,0
41059520842,0
41059520858,0
41059520863,0
41059520823,0
41059520809,0
41059520827,0
41059520847,0
41059520846,0
41059520838,0
41059520814,0
41059520803,0
41059520804,0
41059520797,0
41059520865,0
41059520770,0
41059520790,0
41059520852,0
41059520829,0
41059520771,0
41059520830,0
41059520847,0
41059520846,0
41059520838,0
41059520810,0
10980916424,0
41059520773,0
41059520828,0
41059520766,0
41059520865,0
41059520862,0
2719162999,0
41059520853,0
41059520778,0
41059520785,0
41059520815,0
41059520812,0
41059520822,0
41059520847,0
41059520846,0
41059520838,0
41059520777,0
41059520866,0
41059520787,0
41059520865,0
41059520851,0
41059520816,0
41059520784,0
41059520799,0
2719162983,0
2719162980,0
41059520861,0
41059520833,0
41059520789,0
41059520832,0
41059520798,0
41059520780,0
2719163010,0
41059520729,0
41059520864,0
41059520847,0
41059520846,0
41059520838,0
41059520849,0
41059520796,0
41059520850,0
41059520848,0
41059520779,0
41059520865,0
41059520857,0
41059520861,0
41059520860,0
41059520859,0
41059520842,0
41059520858,0
41059520809,0
41059520823,0
41059520863,0
41059520827,0
41059520847,0
41059520846,0
41059520838,0
41059520814,0
41059520803,0
41059520804,0
41059520797,0
41059520865,0
41059520770,0
41059520790,0
10980916424,0
41059520852,0
41059520773,0
41059520862,0
41059520812,0
41059520815,0
41059520853,0
41059520785,0
41059520778,0
2719162999,0
41059520822,0
41059520777,0
41059520784,0
41059520799,0
2719162983,0
41059520816,0
41059520867,0
41059520861,0
41059520833,0
41059520789,0
41059520832,0
41059520780,0
2719163010,0
41059520798,0
41059520861,0
41059520860,0
41059520859,0
41059520842,0
41059520858,0
41059520790,0
41059520852,0
10980916424,0
41059520773,0
41059520862,0
41059520812,0
41059520815,0
41059520853,0
41059520785,0
41059520778,0
2719162999,0
41059520822,0
41059520777,0
41059520784,0
41059520799,0
2719162983,0
41059520816,0
41059520867,0
41059520861,0
41059520833,0
41059520789,0
41059520832,0
41059520798,0
41059520780,0
10980916384,0
41059520859,0
41059520860,0
41059520842,0
41059520858,0
41059520868,0
41059520868,0
41059520869,0
41059520870,0
41059520785,0
41059520790,0
41059520833,0
41059520789,0
41059520778,0
41059520853,0
41059520832,0
41059520871,0
41059520798,0
41059520822,0
41059520815,0
41059520780,0
41059520812,0
10980916384,0
41059520852,0
41059520829,0
41059520863,0
41059520771,0
41059520823,0
41059520809,0
41059520729,0
41059520864,0
41059520830,0
41059520827,0
41059520847,0
41059520847,0
41059520847,0
41059520846,0
41059520872,0
41059520872,0
41059520872,0
41059520872,0
41059520873,0
41059520873,0
41059520873,0
41059520874,0
41059520849,0
41059520814,0
41059520803,0
41059520851,0
41059520810,0
10980916424,0
41059520777,0
41059520796,0
41059520773,0
41059520850,0
41059520848,0
41059520866,0
41059520779,0
41059520804,0
41059520828,0
41059520797,0
41059520766,0
41059520787,0
41059520865,0
41059520865,0
41059520865,0
41059520865,0
41059520857,0
41059520770,0
41059520831,0
41059520868,0
41059520859,0
41059520842,0
41059520858,0
41059520863,0
41059520823,0
41059520809,0
41059520827,0
41059520847,0
41059520872,0
41059520873,0
41059520814,0
41059520803,0
41059520804,0
41059520797,0
41059520865,0
41059520770,0
41059520868,0
41059520869,0
41059520790,0
41059520852,0
41059520829,0
41059520771,0
41059520830,0
41059520847,0
41059520872,0
41059520873,0
41059520810,0
10980916424,0
41059520773,0
41059520828,0
41059520875,0
41059520865,0
41059520851,0
41059520816,0
41059520784,0
41059520799,0
2719162983,0
41059520867,0
41059520778,0
41059520853,0
41059520785,0
41059520871,0
41059520812,0
41059520815,0
41059520822,0
41059520847,0
41059520873,0
41059520872,0
41059520777,0
41059520866,0
41059520787,0
41059520865,0
41059520870,0
41059520833,0
41059520789,0
41059520832,0
41059520798,0
41059520729,0
41059520780,0
10980916384,0
41059520864,0
41059520873,0
41059520872,0
41059520874,0
41059520849,0
41059520796,0
41059520850,0
41059520848,0
41059520779,0
41059520865,0
41059520857,0
41059520868,0
41059520859,0
41059520842,0
41059520858,0
41059520823,0
41059520863,0
41059520809,0
41059520827,0
41059520847,0
41059520873,0
41059520872,0
41059520814,0
41059520803,0
41059520804,0
41059520797,0
41059520865,0
41059520770,0
10980916393,0
10980916393,0
41059520868,0
41059520869,0
41059520790,0
41059520852,0
41059520829,0
41059520771,0
41059520830,0
41059520847,0
41059520873,0
41059520872,0
41059520810,0
10980916424,0
41059520773,0
41059520828,0
41059520875,0
41059520865,0
41059520851,0
41059520816,0
41059520784,0
41059520799,0
2719162983,0
41059520867,0
41059520831,0
41059520853,0
41059520778,0
41059520785,0
41059520871,0
41059520815,0
41059520812,0
41059520822,0
41059520847,0
41059520873,0
41059520872,0
41059520777,0
41059520866,0
41059520787,0
41059520865,0
41059520870,0
41059520833,0
41059520789,0
41059520832,0
41059520798,0
41059520780,0
10980916384,0
41059520876,0
41059520864,0
41059520873,0
41059520872,0
41059520874,0
41059520849,0
41059520796,0
41059520850,0
41059520848,0
41059520779,0
41059520865,0
41059520857,0
41059520868,0
41059520859,0
41059520842,0
41059520858,0
41059520863,0
41059520823,0
41059520809,0
41059520827,0
41059520847,0
41059520873,0
41059520872,0
41059520814,0
41059520803,0
41059520804,0
41059520797,0
41059520865,0
41059520877,0
41059520868,0
41059520869,0
41059520790,0
41059520852,0
10980916424,0
41059520773,0
41059520784,0
41059520799,0
2719162983,0
41059520816,0
41059520867,0
41059520785,0
41059520871,0
41059520853,0
41059520778,0
41059520812,0
41059520815,0
41059520822,0
41059520777,0
41059520870,0
41059520833,0
41059520789,0
41059520832,0
41059520798,0
41059520780,0
10980916384,0
41059520859,0
41059520868,0
41059520842,0
41059520858,0
41059520869,0
41059520868,0
41059520790,0
41059520852,0
10980916424,0
41059520773,0
41059520784,0
41059520799,0
2719162983,0
41059520816,0
41059520867,0
41059520785,0
41059520871,0
41059520778,0
41059520853,0
41059520812,0
41059520815,0
41059520822,0
41059520777,0
41059520870,0
41059520833,0
41059520789,0
41059520832,0
41059520798,0
41059520780,0
10980916384,0
41059520859,0
41059520868,0
41059520842,0
41059520858,0
41059520869,0
41059520790,0
41059520852,0
10980916424,0
41059520878,0
41059520784,0
41059520799,0
2719162983,0
41059520816,0
41059520867,0
41059520859,0
41059520879,0
41059520879,0
41059520880,0
41059520842,0
41059520881,0
41059520785,0
41059520871,0
41059520833,0
41059520815,0
41059520853,0
41059520789,0
41059520778,0
41059520832,0
41059520798,0
41059520812,0
41059520858,0
41059520822,0
41059520780,0
10980916384,0
41059520829,0
41059520863,0
41059520882,0
41059520823,0
41059520809,0
41059520864,0
41059520830,0
41059520876,0
41059520827,0
41059520874,0
41059520874,0
41059520874,0
41059520874,0
41059520873,0
41059520873,0
41059520873,0
41059520873,0
41059520872,0
41059520872,0
41059520872,0
41059520872,0
41059520849,0
41059520814,0
41059520803,0
41059520851,0
41059520810,0
41059520777,0
41059520796,0
41059520850,0
41059520848,0
41059520866,0
41059520779,0
41059520804,0
41059520828,0
41059520797,0
41059520875,0
41059520787,0
41059520865,0
41059520865,0
41059520865,0
41059520865,0
41059520857,0
41059520877,0
41059520831,0
41059520879,0
41059520790,0
41059520829,0
41059520852,0
41059520882,0
41059520830,0
41059520874,0
41059520873,0
41059520872,0
41059520810,0
10980916424,0
41059520878,0
41059520828,0
41059520875,0
41059520865,0
41059520879,0
41059520880,0
41059520853,0
41059520785,0
41059520871,0
41059520815,0
41059520778,0
41059520812,0
41059520822,0
41059520874,0
41059520873,0
41059520872,0
10980916423,0
41059520866,0
41059520787,0
41059520865,0
41059520798,0
10980916384,0
41059520833,0
41059520789,0
41059520832,0
41059520780,0
41059520864,0
41059520876,0
41059520874,0
41059520873,0
41059520872,0
41059520849,0
41059520796,0
41059520850,0
41059520848,0
41059520779,0
41059520865,0
41059520857,0
41059520859,0
41059520881,0
41059520842,0
41059520858,0
41059520863,0
41059520823,0
41059520809,0
41059520827,0
41059520874,0
41059520873,0
41059520872,0
41059520814,0
41059520803,0
41059520851,0
41059520816,0
41059520784,0
41059520799,0
2719162983,0
41059520867,0
41059520804,0
41059520797,0
41059520865,0
41059520877,0
41059520879,0
41059520790,0
41059520852,0
41059520829,0
41059520882,0
41059520830,0
41059520874,0
41059520873,0
41059520872,0
41059520810,0
10980916424,0
41059520878,0
41059520828,0
41059520875,0
41059520865,0
41059520879,0
41059520880,0
41059520853,0
41059520785,0
41059520871,0
41059520812,0
41059520815,0
41059520883,0
41059520822,0
41059520874,0
41059520873,0
41059520872,0
10980916423,0
41059520866,0
41059520787,0
41059520865,0
41059520789,0
41059520798,0
10980916384,0
41059520833,0
41059520832,0
41059520780,0
41059520864,0
41059520876,0
41059520874,0
41059520873,0
41059520872,0
41059520849,0
41059520796,0
41059520850,0
41059520848,0
41059520779,0
41059520865,0
41059520857,0
41059520859,0
41059520881,0
41059520842,0
41059520858,0
41059520863,0
41059520823,0
41059520809,0
41059520827,0
41059520874,0
41059520873,0
41059520872,0
41059520814,0
41059520803,0
41059520851,0
41059520816,0
41059520784,0
41059520799,0
2719162983,0
41059520867,0
41059520804,0
41059520797,0
41059520865,0
41059520877,0
41059520879,0
41059520790,0
41059520852,0
41059520829,0
41059520882,0
41059520830,0
41059520874,0
41059520873,0
41059520872,0
41059520810,0
10980916424,0
41059520878,0
41059520828,0
41059520875,0
41059520865,0
41059520879,0
41059520880,0
41059520883,0
41059520853,0
41059520785,0
41059520871,0
41059520812,0
41059520815,0
41059520822,0
10980916423,0
41059520833,0
41059520789,0
41059520832,0
41059520798,0
41059520780,0
10980916384,0
41059520859,0
41059520881,0
41059520842,0
41059520858,0
41059520784,0
41059520799,0
2719162983,0
41059520816,0
41059520867,0
41059520879,0
41059520790,0
41059520852,0
10980916424,0
41059520878,0
41059520879,0
41059520880,0
41059520785,0
41059520871,0
41059520812,0
41059520853,0
41059520883,0
41059520815,0
41059520822,0
10980916423,0
41059520833,0
41059520789,0
41059520832,0
41059520798,0
41059520780,0
10980916384,0
41059520859,0
41059520881,0
41059520842,0
41059520858,0
41059520784,0
41059520799,0
41059520884,0
41059520816,0
41059520867,0
41059520879,0
41059520790,0
41059520852,0
10980916424,0
41059520878,0
41059520880,0
41059520785,0
41059520871,0
41059520812,0
41059520853,0
41059520883,0
41059520815,0
41059520822,0
10980916423,0
41059520859,0
41059520885,0
41059520885,0
41059520886,0
41059520887,0
41059520842,0
41059520790,0
41059520833,0
41059520789,0
41059520858,0
41059520832,0
41059520852,0
41059520798,0
10980916384,0
41059520888,0
41059520829,0
41059520863,0
41059520809,0
41059520882,0
41059520823,0
41059520876,0
41059520864,0
41059520830,0
41059520827,0
41059520874,0
41059520874,0
41059520874,0
41059520874,0
41059520873,0
41059520873,0
41059520873,0
41059520873,0
41059520872,0
41059520872,0
41059520872,0
41059520872,0
41059520849,0
41059520814,0
41059520803,0
41059520851,0
41059520810,0
10980916424,0
41059520796,0
41059520878,0
41059520850,0
41059520848,0
41059520866,0
41059520889,0
41059520804,0
41059520828,0
41059520797,0
41059520875,0
41059520787,0
41059520865,0
41059520890,0
41059520890,0
41059520890,0
41059520857,0
41059520877,0
41059520885,0
41059520883,0
41059520853,0
41059520785,0
41059520871,0
41059520812,0
41059520815,0
41059520822,0
41059520873,0
41059520872,0
41059520874,0
10980916423,0
41059520866,0
41059520787,0
41059520890,0
41059520831,0
41059520851,0
41059520816,0
41059520784,0
41059520799,0
41059520884,0
41059520867,0
41059520885,0
41059520886,0
41059520798,0
41059520833,0
10980916384,0
41059520789,0
41059520832,0
41059520888,0
41059520876,0
41059520864,0
41059520874,0
41059520873,0
41059520872,0
41059520849,0
41059520796,0
41059520850,0
41059520848,0
41059520889,0
41059520890,0
41059520857,0
41059520859,0
41059520842,0
41059520858,0
41059520863,0
41059520809,0
41059520823,0
41059520827,0
41059520874,0
41059520873,0
41059520872,0
41059520814,0
41059520803,0
41059520804,0
41059520797,0
41059520865,0
41059520877,0
41059520887,0
41059520790,0
41059520829,0
41059520852,0
41059520882,0
41059520830,0
41059520874,0
41059520873,0
41059520872,0
41059520810,0
10980916424,0
41059520878,0
41059520828,0
41059520875,0
41059520890,0
41059520885,0
41059520853,0
41059520785,0
41059520883,0
41059520871,0
41059520815,0
41059520812,0
41059520822,0
41059520874,0
41059520873,0
41059520872,0
10980916423,0
41059520866,0
41059520787,0
41059520890,0
41059520851,0
41059520816,0
41059520784,0
41059520799,0
41059520884,0
41059520867,0
41059520885,0
41059520886,0
41059520798,0
10980916384,0
41059520833,0
41059520789,0
41059520832,0
41059520888,0
41059520876,0
41059520864,0
41059520874,0
41059520873,0
41059520872,0
41059520849,0
41059520796,0
41059520850,0
41059520848,0
41059520889,0
41059520890,0
41059520857,0
41059520859,0
41059520842,0
41059520858,0
41059520863,0
41059520809,0
41059520823,0
41059520827,0
41059520874,0
41059520873,0
41059520872,0
41059520814,0
41059520803,0
41059520804,0
41059520797,0
41059520865,0
41059520877,0
41059520887,0
41059520790,0
41059520852,0
41059520829,0
41059520882,0
41059520830,0
41059520874,0
41059520873,0
41059520872,0
41059520810,0
10980916424,0
41059520878,0
41059520828,0
41059520875,0
41059520890,0
41059520885,0
41059520853,0
41059520883,0
41059520891,0
41059520871,0
41059520815,0
41059520812,0
41059520822,0
41059520874,0
41059520873,0
41059520872,0
10980916423,0
41059520866,0
41059520787,0
41059520890,0
41059520784,0
41059520799,0
41059520884,0
41059520885,0
41059520816,0
41059520867,0
41059520886,0
41059520833,0
41059520789,0
41059520832,0
41059520798,0
41059520888,0
10980916384,0
41059520859,0
41059520842,0
41059520858,0
41059520887,0
41059520790,0
41059520852,0
10980916424,0
41059520878,0
41059520885,0
41059520891,0
41059520871,0
41059520812,0
41059520815,0
41059520853,0
41059520883,0
41059520822,0
10980916423,0
41059520885,0
41059520784,0
41059520886,0
41059520799,0
41059520884,0
41059520816,0
41059520867,0
41059520833,0
41059520789,0
41059520832,0
41059520798,0
41059520888,0
10980916384,0
41059520859,0
41059520842,0
41059520858,0
41059520887,0
41059520790,0
41059520852,0
10980916424,0
41059520878,0
41059520885,0
41059520891,0
41059520871,0
41059520815,0
41059520812,0
41059520883,0
41059520853,0
41059520822,0
10980916423,0
41059520784,0
41059520799,0
41059520884,0
41059520816,0
41059520867,0
41059520886,0
41059520833,0
41059520832,0
41059520798,0
10980916455,0
41059520888,0
10980916384,0
41059520859,0
41059520892,0
41059520893,0
41059520894,0
41059520895,0
41059520842,0
41059520891,0
41059520871,0
41059520815,0
41059520853,0
41059520852,0
41059520812,0
41059520822,0
41059520896,0
41059520858,0
41059520883,0
41059520829,0
41059520863,0
41059520876,0
41059520882,0
41059520823,0
41059520809,0
41059520864,0
41059520830,0
41059520827,0
41059520874,0
41059520874,0
41059520874,0
41059520873,0
41059520897,0
41059520897,0
41059520897,0
41059520897,0
41059520898,0
41059520898,0
41059520898,0
41059520899,0
41059520849,0
41059520814,0
41059520803,0
41059520851,0
41059520810,0
10980916424,0
10980916423,0
41059520796,0
41059520878,0
41059520850,0
41059520848,0
41059520866,0
41059520889,0
41059520804,0
41059520828,0
41059520900,0
41059520875,0
41059520901,0
41059520890,0
41059520890,0
41059520890,0
41059520890,0
41059520857,0
41059520877,0
41059520894,0
41059520798,0
41059520833,0
10980916455,0
41059520832,0
10980916384,0
41059520876,0
41059520888,0
41059520864,0
41059520874,0
41059520897,0
41059520898,0
41059520849,0
41059520796,0
41059520850,0
41059520848,0
41059520889,0
41059520890,0
41059520857,0
41059520892,0
41059520893,0
41059520859,0
41059520842,0
41059520858,0
41059520823,0
41059520863,0
41059520809,0
41059520827,0
41059520874,0
41059520897,0
41059520898,0
41059520814,0
41059520803,0
41059520804,0
41059520900,0
41059520890,0
41059520877,0
41059520896,0
41059520829,0
41059520852,0
41059520882,0
41059520830,0
41059520874,0
41059520873,0
41059520897,0
41059520810,0
10980916424,0
41059520878,0
41059520828,0
41059520875,0
41059520890,0
41059520851,0
41059520816,0
41059520784,0
41059520799,0
41059520884,0
41059520867,0
41059520895,0
41059520853,0
41059520883,0
41059520891,0
41059520871,0
41059520815,0
41059520812,0
41059520822,0
41059520897,0
41059520898,0
41059520899,0
10980916423,0
41059520866,0
41059520901,0
41059520890,0
41059520894,0
41059520798,0
41059520833,0
10980916455,0
41059520832,0
41059520876,0
41059520888,0
10980916384,0
41059520864,0
41059520874,0
41059520897,0
41059520898,0
41059520849,0
41059520796,0
41059520850,0
41059520848,0
41059520889,0
41059520890,0
41059520857,0
41059520831,0
41059520892,0
41059520893,0
41059520859,0
41059520842,0
41059520858,0
41059520863,0
41059520823,0
41059520809,0
41059520827,0
41059520874,0
41059520897,0
41059520898,0
41059520814,0
41059520803,0
41059520804,0
41059520900,0
41059520890,0
41059520877,0
41059520896,0
41059520852,0
41059520829,0
41059520882,0
41059520830,0
41059520874,0
41059520898,0
41059520897,0
41059520810,0
10980916424,0
41059520878,0
41059520828,0
41059520875,0
41059520890,0
41059520851,0
41059520816,0
41059520784,0
41059520799,0
41059520884,0
41059520867,0
41059520895,0
41059520853,0
41059520891,0
41059520883,0
41059520871,0
41059520815,0
41059520812,0
41059520822,0
41059520898,0
41059520897,0
41059520899,0
10980916423,0
41059520866,0
41059520901,0
41059520890,0
41059520894,0
41059520833,0
41059520798,0
10980916455,0
41059520832,0
41059520888,0
10980916384,0
41059520876,0
41059520864,0
41059520874,0
41059520898,0
41059520897,0
41059520849,0
41059520796,0
41059520850,0
41059520848,0
41059520889,0
41059520890,0
41059520857,0
10980916393,0
10980916393,0
41059520893,0
41059520892,0
41059520859,0
41059520842,0
41059520858,0
41059520896,0
41059520852,0
41059520878,0
10980916424,0
41059520784,0
41059520799,0
41059520884,0
41059520816,0
41059520867,0
41059520895,0
41059520891,0
41059520871,0
41059520812,0
41059520815,0
41059520853,0
41059520822,0
41059520883,0
10980916423,0
41059520894,0
10980916455,0
41059520832,0
41059520798,0
41059520833,0
41059520888,0
10980916384,0
41059520859,0
41059520894,0
41059520893,0
41059520842,0
41059520858,0
41059520896,0
41059520852,0
41059520878,0
10980916424,0
41059520784,0
41059520799,0
41059520884,0
41059520816,0
41059520867,0
41059520895,0
41059520891,0
41059520871,0
41059520812,0
41059520815,0
41059520853,0
41059520883,0
41059520822,0
10980916423,0
41059520894,0
41059520832,0
41059520833,0
41059520888,0
10980916384,0
10980916455,0
41059520902,0
41059520893,0
41059520859,0
41059520842,0
41059520858,0
41059520903,0
41059520904,0
41059520905,0
41059520903,0
41059520871,0
41059520896,0
41059520812,0
41059520815,0
41059520853,0
41059520891,0
10980916455,0
41059520832,0
41059520833,0
41059520883,0
41059520822,0
41059520902,0
41059520888,0
10980916384,0
41059520852,0
41059520829,0
41059520876,0
41059520863,0
41059520823,0
41059520864,0
41059520882,0
41059520809,0
41059520830,0
41059520827,0
41059520899,0
41059520899,0
41059520899,0
41059520899,0
41059520898,0
41059520898,0
41059520898,0
41059520898,0
41059520897,0
41059520897,0
41059520897,0
41059520897,0
41059520849,0
41059520814,0
41059520803,0
41059520851,0
41059520810,0
10980916424,0
10980916423,0
10980916430,0
41059520878,0
41059520850,0
41059520848,0
41059520866,0
41059520889,0
41059520804,0
41059520828,0
41059520900,0
41059520875,0
41059520901,0
41059520890,0
41059520890,0
41059520890,0
41059520890,0
41059520857,0
41059520877,0
41059520831,0
41059520903,0
41059520859,0
41059520842,0
41059520858,0
41059520823,0
41059520863,0
41059520809,0
41059520827,0
41059520899,0
41059520898,0
41059520897,0
41059520814,0
41059520803,0
41059520804,0
41059520900,0
41059520890,0
41059520877,0
41059520851,0
41059520816,0
41059520906,0
41059520799,0
41059520884,0
41059520867,0
41059520903,0
41059520904,0
41059520896,0
41059520852,0
41059520829,0
41059520882,0
41059520830,0
41059520899,0
41059520898,0
41059520897,0
41059520810,0
10980916424,0
41059520878,0
41059520828,0
41059520875,0
41059520890,0
41059520853,0
41059520883,0
41059520891,0
41059520871,0
41059520815,0
41059520822,0
41059520812,0
41059520899,0
41059520898,0
41059520897,0
10980916423,0
41059520866,0
41059520901,0
41059520890,0
2719162987,0
2719162987,0
41059520736,0
41059520736,0
10980916403,0
41059520907,0
41059520736,0
41059520736,0
10980916379,0
41059520736,0
41059520736,0
41059520736,0
41059520739,0
41059520739,0
41059520739,0
41059520739,0
41059520739,0
41059520739,0
41059520736,0
41059520736,0
41059520736,0
10980916363,0
41059520736,0
41059520743,0
41059520743,0
41059520743,0
10980916361,0
10980916361,0
41059520743,0
41059520743,0
41059520743,0
41059520743,0
41059520743,0
41059520743,0
41059520743,0
41059520743,0
41059520743,0
41059520743,0
41059520743,0
41059520743,0
41059520743,0
41059520748,0
41059520748,0
41059520748,0
41059520748,0
41059520748,0
41059520748,0
41059520747,0
41059520747,0
41059520747,0
41059520747,0
41059520747,0
41059520747,0
41059520747,0
41059520747,0
41059520747,0
41059520747,0
41059520747,0
41059520747,0
41059520747,0
41059520747,0
41059520747,0
41059520747,0
41059520747,0
41059520747,0
41059520747,0
41059520747,0
41059520747,0
41059520747,0
41059520747,0
41059520747,0
41059520746,0
41059520741,0
41059520752,0
41059520752,0
41059520752,0
41059520752,0
41059520746,0
41059520746,0
41059520746,0
41059520746,0
41059520737,0
41059520746,0
41059520746,0
41059520746,0
41059520747,0
41059520747,0
41059520750,0
41059520750,0
41059520750,0
41059520739,0
41059520751,0
41059520744,0
41059520739,0
41059520739,0
10980916375,0
41059520739,0
41059520747,0
41059520908,0
41059520909,0
41059520831,0
41059520905,0
41059520833,0
10980916455,0
41059520832,0
41059520902,0
41059520888,0
10980916384,0
41059520876,0
41059520864,0
41059520899,0
41059520898,0
41059520897,0
41059520849,0
10980916430,0
41059520850,0
41059520848,0
41059520889,0
41059520890,0
41059520857,0
41059520859,0
41059520903,0
41059520842,0
41059520858,0
41059520863,0
41059520823,0
41059520809,0
41059520827,0
41059520899,0
41059520898,0
41059520897,0
41059520814,0
41059520803,0
41059520910,0
41059520900,0
41059520890,0
41059520877,0
41059520851,0
41059520816,0
41059520906,0
41059520799,0
41059520884,0
41059520867,0
41059520903,0
41059520904,0
41059520896,0
41059520829,0
41059520852,0
41059520882,0
41059520830,0
41059520899,0
41059520898,0
41059520897,0
41059520810,0
10980916424,0
41059520878,0
41059520828,0
41059520875,0
41059520890,0
41059520853,0
41059520891,0
41059520871,0
41059520883,0
41059520812,0
41059520815,0
41059520822,0
41059520899,0
41059520898,0
41059520897,0
10980916423,0
41059520866,0
41059520901,0
41059520890,0
41059520905,0
41059520833,0
10980916455,0
41059520832,0
41059520902,0
41059520888,0
10980916384,0
41059520876,0
41059520864,0
41059520899,0
41059520898,0
41059520897,0
41059520849,0
10980916430,0
41059520850,0
41059520848,0
41059520889,0
41059520890,0
41059520857,0
41059520903,0
41059520859,0
41059520842,0
41059520858,0
41059520823,0
41059520863,0
41059520809,0
41059520827,0
41059520899,0
41059520898,0
41059520897,0
41059520814,0
41059520911,0
41059520910,0
41059520900,0
41059520890,0
41059520877,0
41059520851,0
41059520816,0
41059520906,0
41059520799,0
41059520884,0
41059520867,0
41059520903,0
41059520904,0
41059520896,0
41059520852,0
10980916424,0
41059520878,0
41059520891,0
41059520871,0
41059520812,0
41059520815,0
41059520853,0
41059520883,0
41059520822,0
10980916423,0
41059520905,0
10980916455,0
41059520832,0
41059520902,0
41059520833,0
41059520888,0
10980916384,0
41059520859,0
41059520903,0
41059520842,0
41059520858,0
41059520906,0
41059520799,0
41059520884,0
41059520816,0
41059520867,0
41059520903,0
41059520904,0
41059520896,0
41059520852,0
41059520878,0
10980916424,0
41059520891,0
41059520871,0
41059520853,0
41059520815,0
41059520812,0
41059520822,0
41059520883,0
10980916423,0
41059520905,0
10980916455,0
41059520832,0
41059520833,0
41059520902,0
41059520888,0
10980916384,0
41059520903,0
41059520859,0
41059520842,0
41059520858,0
41059520906,0
41059520799,0
41059520884,0
41059520816,0
41059520867,0
41059520904,0
41059520896,0
41059520878,0
10980916424,0
41059520852,0
41059520859,0
41059520912,0
41059520913,0
41059520912,0
41059520914,0
41059520842,0
41059520891,0
41059520871,0
41059520812,0
41059520815,0
10980916455,0
41059520853,0
41059520883,0
41059520833,0
41059520858,0
41059520832,0
41059520902,0
41059520822,0
41059520888,0
10980916384,0
41059520829,0
41059520863,0
41059520882,0
41059520823,0
41059520876,0
41059520915,0
41059520864,0
41059520830,0
41059520827,0
41059520899,0
41059520899,0
41059520899,0
41059520899,0
41059520898,0
41059520898,0
41059520898,0
41059520898,0
41059520897,0
41059520897,0
41059520897,0
41059520897,0
41059520831,0
41059520849,0
41059520814,0
41059520911,0
41059520851,0
10980916372,0
10980916423,0
10980916430,0
41059520850,0
41059520848,0
41059520866,0
41059520889,0
41059520910,0
41059520828,0
41059520900,0
41059520875,0
41059520901,0
41059520890,0
41059520916,0
41059520916,0
41059520916,0
41059520857,0
41059520877,0
41059520912,0
41059520896,0
41059520852,0
41059520829,0
41059520882,0
41059520830,0
41059520899,0
41059520898,0
41059520897,0
10980916372,0
10980916424,0
41059520878,0
41059520828,0
41059520875,0
41059520916,0
41059520912,0
41059520913,0
41059520853,0
41059520891,0
41059520883,0
41059520871,0
41059520815,0
41059520812,0
41059520822,0
41059520899,0
41059520898,0
41059520897,0
10980916423,0
41059520866,0
41059520901,0
41059520916,0
41059520902,0
41059520833,0
10980916455,0
41059520832,0
41059520888,0
10980916384,0
41059520876,0
41059520864,0
41059520899,0
41059520898,0
41059520897,0
41059520849,0
41059520851,0
41059520816,0
41059520906,0
41059520799,0
41059520884,0
10980916430,0
41059520867,0
41059520850,0
41059520848,0
41059520889,0
41059520890,0
41059520857,0
41059520908,0
41059520909,0
41059520746,0
41059520917,0
41059520746,0
41059520737,0
41059520746,0
41059520737,0
41059520746,0
41059520746,0
41059520746,0
41059520746,0
41059520859,0
41059520914,0
41059520842,0
41059520858,0
41059520863,0
41059520823,0
41059520915,0
41059520827,0
41059520899,0
41059520898,0
41059520897,0
41059520814,0
41059520911,0
41059520910,0
41059520900,0
41059520916,0
41059520877,0
41059520912,0
41059520896,0
41059520829,0
41059520852,0
41059520882,0
41059520830,0
41059520899,0
41059520898,0
41059520897,0
41059520831,0
10980916372,0
10980916424,0
41059520878,0
41059520828,0
41059520875,0
41059520916,0
41059520912,0
41059520913,0
41059520883,0
41059520853,0
41059520891,0
41059520871,0
41059520812,0
41059520815,0
41059520822,0
41059520899,0
41059520898,0
41059520897,0
10980916423,0
41059520866,0
41059520901,0
41059520916,0
41059520902,0
41059520833,0
10980916455,0
41059520832,0
41059520888,0
10980916384,0
41059520864,0
41059520876,0
41059520899,0
41059520898,0
41059520897,0
41059520849,0
41059520851,0
41059520816,0
41059520906,0
41059520799,0
41059520884,0
10980916430,0
41059520867,0
41059520850,0
41059520848,0
41059520889,0
41059520890,0
41059520857,0
41059520859,0
41059520914,0
41059520842,0
41059520858,0
41059520823,0
41059520863,0
41059520915,0
41059520827,0
41059520899,0
41059520898,0
41059520897,0
41059520814,0
41059520911,0
41059520910,0
41059520900,0
41059520916,0
41059520877,0
41059520912,0
41059520896,0
41059520852,0
41059520829,0
41059520882,0
41059520830,0
41059520899,0
41059520898,0
41059520897,0
10980916372,0
10980916424,0
41059520878,0
41059520828,0
41059520875,0
41059520916,0
41059520912,0
41059520913,0
41059520891,0
41059520871,0
41059520815,0
41059520853,0
41059520822,0
41059520918,0
41059520883,0
10980916423,0
41059520833,0
10980916455,0
41059520832,0
41059520902,0
41059520888,0
10980916384,0
41059520906,0
41059520799,0
41059520884,0
41059520816,0
41059520867,0
41059520859,0
41059520914,0
41059520842,0
41059520858,0
41059520912,0
41059520896,0
41059520852,0
41059520878,0
10980916424,0
41059520912,0
41059520913,0
41059520891,0
41059520871,0
41059520918,0
41059520853,0
41059520883,0
41059520919,0
41059520822,0
10980916423,0
10980916455,0
41059520832,0
41059520833,0
41059520902,0
41059520888,0
10980916384,0
41059520906,0
41059520920,0
41059520884,0
41059520816,0
41059520867,0
41059520859,0
41059520914,0
41059520842,0
41059520858,0
41059520912,0
41059520896,0
41059520852,0
41059520878,0
10980916424,0
41059520913,0
41059520871,0
41059520918,0
41059520919,0
41059520853,0
41059520891,0
41059520822,0
41059520883,0
10980916423,0
41059520859,0
41059520921,0
41059520922,0
41059520922,0
41059520923,0
41059520842,0
41059520896,0
41059520833,0
10980916455,0
41059520858,0
41059520832,0
41059520888,0
10980916384,0
41059520902,0
41059520852,0
41059520829,0
41059520863,0
41059520882,0
41059520823,0
41059520876,0
41059520915,0
41059520864,0
41059520830,0
41059520827,0
41059520899,0
41059520899,0
41059520899,0
41059520899,0
41059520898,0
41059520924,0
41059520924,0
41059520924,0
41059520924,0
41059520925,0
41059520925,0
41059520925,0
41059520849,0
41059520851,0
10980916372,0
10980916424,0
10980916434,0
41059520911,0
10980916430,0
41059520878,0
41059520850,0
41059520848,0
41059520866,0
41059520889,0
41059520910,0
41059520828,0
41059520900,0
41059520875,0
41059520901,0
41059520916,0
41059520916,0
41059520916,0
41059520916,0
41059520857,0
41059520877,0
41059520831,0
41059520851,0
41059520816,0
41059520906,0
41059520920,0
41059520884,0
41059520867,0
41059520922,0
41059520883,0
41059520853,0
41059520891,0
41059520919,0
41059520918,0
41059520871,0
41059520822,0
41059520899,0
41059520924,0
41059520925,0
10980916423,0
41059520866,0
41059520901,0
41059520916,0
41059520922,0
41059520921,0
41059520833,0
10980916455,0
41059520832,0
41059520902,0
41059520888,0
10980916384,0
41059520876,0
41059520864,0
41059520899,0
41059520924,0
41059520925,0
41059520849,0
10980916430,0
41059520850,0
41059520848,0
41059520889,0
41059520916,0
41059520857,0
41059520831,0
41059520859,0
41059520842,0
41059520858,0
41059520863,0
41059520823,0
41059520915,0
41059520827,0
41059520899,0
41059520924,0
41059520898,0
10980916434,0
41059520911,0
41059520910,0
41059520900,0
41059520916,0
41059520877,0
41059520908,0
41059520909,0
41059520923,0
41059520852,0
41059520896,0
41059520829,0
41059520882,0
41059520830,0
41059520924,0
41059520925,0
41059520926,0
10980916372,0
10980916424,0
41059520878,0
41059520828,0
41059520875,0
41059520916,0
41059520851,0
41059520816,0
41059520906,0
41059520920,0
41059520884,0
41059520867,0
41059520922,0
41059520853,0
41059520891,0
41059520883,0
41059520871,0
41059520919,0
41059520822,0
41059520918,0
41059520899,0
41059520924,0
41059520925,0
10980916423,0
41059520866,0
41059520901,0
41059520916,0
41059520831,0
41059520922,0
41059520921,0
41059520833,0
10980916455,0
41059520832,0
41059520902,0
41059520888,0
10980916384,0
41059520876,0
41059520864,0
41059520899,0
41059520924,0
41059520925,0
41059520849,0
10980916430,0
41059520850,0
41059520848,0
41059520889,0
41059520916,0
41059520857,0
41059520859,0
41059520842,0
41059520858,0
41059520863,0
41059520927,0
41059520915,0
41059520827,0
41059520899,0
41059520924,0
41059520898,0
41059520911,0
10980916434,0
41059520910,0
41059520900,0
41059520916,0
41059520877,0
41059520923,0
41059520896,0
41059520852,0
41059520829,0
41059520882,0
41059520830,0
41059520924,0
41059520925,0
41059520926,0
10980916372,0
10980916424,0
41059520878,0
41059520828,0
41059520875,0
41059520916,0
41059520851,0
41059520816,0
41059520906,0
41059520920,0
41059520884,0
41059520867,0
41059520922,0
41059520853,0
41059520883,0
41059520891,0
41059520871,0
41059520918,0
41059520919,0
41059520822,0
41059520899,0
41059520924,0
41059520925,0
10980916423,0
41059520866,0
41059520901,0
41059520916,0
41059520922,0
41059520921,0
10980916455,0
41059520832,0
41059520902,0
41059520833,0
41059520888,0
10980916384,0
41059520859,0
41059520842,0
41059520858,0
41059520923,0
41059520896,0
41059520852,0
41059520878,0
10980916424,0
41059520922,0
41059520906,0
41059520920,0
41059520884,0
41059520816,0
41059520867,0
41059520871,0
41059520918,0
41059520919,0
41059520853,0
41059520891,0
41059520883,0
41059520928,0
10980916423,0
41059520922,0
41059520921,0
10980916455,0
41059520832,0
41059520833,0
41059520902,0
41059520888,0
10980916384,0
41059520859,0
41059520842,0
41059520858,0
41059520923,0
41059520896,0
41059520852,0
41059520878,0
10980916424,0
41059520906,0
41059520920,0
41059520884,0
41059520816,0
41059520867,0
41059520922,0
41059520871,0
41059520918,0
41059520919,0
41059520853,0
41059520891,0
41059520883,0
41059520928,0
10980916423,0
41059520921,0
10980916455,0
41059520832,0
41059520833,0
41059520902,0
41059520888,0
10980916384,0
41059520859,0
41059520929,0
41059520930,0
41059520929,0
41059520931,0
41059520842,0
41059520896,0
41059520918,0
41059520919,0
41059520883,0
41059520853,0
41059520891,0
41059520858,0
41059520871,0
41059520928,0
41059520829,0
41059520863,0
41059520882,0
41059520852,0
41059520927,0
41059520915,0
41059520876,0
41059520864,0
41059520830,0
10980916371,0
41059520924,0
41059520924,0
41059520924,0
41059520924,0
41059520926,0
41059520926,0
41059520926,0
41059520926,0
41059520925,0
41059520925,0
41059520925,0
41059520925,0
41059520849,0
41059520911,0
41059520851,0
10980916372,0
10980916424,0
10980916423,0
10980916430,0
41059520878,0
10980916434,0
41059520850,0
41059520848,0
41059520866,0
41059520889,0
41059520910,0
41059520932,0
41059520900,0
41059520875,0
41059520901,0
41059520916,0
41059520916,0
41059520916,0
41059520916,0
41059520857,0
41059520877,0
41059520831,0
41059520929,0
41059520833,0
10980916455,0
41059520832,0
41059520902,0
41059520888,0
10980916384,0
41059520876,0
41059520864,0
41059520924,0
41059520926,0
41059520925,0
41059520849,0
10980916430,0
41059520850,0
41059520848,0
41059520889,0
41059520916,0
41059520857,0
41059520929,0
41059520930,0
41059520859,0
41059520842,0
41059520858,0
41059520863,0
41059520927,0
41059520915,0
10980916371,0
41059520924,0
41059520926,0
41059520925,0
10980916434,0
41059520911,0
41059520910,0
41059520900,0
41059520916,0
41059520877,0
41059520851,0
41059520816,0
41059520906,0
41059520920,0
41059520884,0
41059520867,0
41059520896,0
41059520852,0
41059520829,0
41059520882,0
41059520830,0
41059520924,0
41059520926,0
41059520925,0
10980916372,0
10980916424,0
41059520878,0
41059520932,0
41059520875,0
41059520916,0
41059520748,0
41059520747,0
41059520747,0
41059520747,0
41059520747,0
41059520747,0
41059520747,0
41059520747,0
41059520747,0
41059520747,0
41059520747,0
41059520747,0
41059520747,0
41059520747,0
41059520747,0
41059520747,0
41059520747,0
41059520747,0
41059520933,0
41059520908,0
41059520934,0
41059520931,0
41059520883,0
41059520853,0
41059520891,0
41059520871,0
41059520918,0
41059520919,0
41059520928,0
41059520926,0
41059520925,0
41059520924,0
10980916423,0
41059520866,0
41059520901,0
41059520916,0
41059520831,0
41059520929,0
41059520833,0
10980916455,0
41059520832,0
41059520902,0
41059520876,0
41059520888,0
10980916384,0
41059520864,0
41059520924,0
41059520926,0
41059520925,0
41059520849,0
10980916430,0
41059520850,0
41059520848,0
41059520889,0
41059520916,0
41059520857,0
41059520929,0
41059520930,0
41059520859,0
41059520842,0
41059520858,0
41059520863,0
41059520927,0
41059520915,0
10980916371,0
41059520924,0
41059520926,0
41059520925,0
10980916434,0
41059520911,0
41059520910,0
41059520900,0
41059520916,0
41059520877,0
41059520851,0
41059520816,0
41059520906,0
41059520920,0
41059520884,0
41059520867,0
41059520896,0
41059520852,0
41059520829,0
41059520882,0
41059520830,0
41059520924,0
41059520926,0
41059520925,0
10980916372,0
10980916424,0
41059520878,0
41059520932,0
41059520875,0
41059520916,0
41059520931,0
41059520853,0
41059520891,0
41059520883,0
41059520871,0
41059520918,0
41059520919,0
41059520928,0
41059520924,0
41059520926,0
41059520925,0
10980916423,0
41059520866,0
41059520901,0
41059520916,0
41059520929,0
41059520833,0
10980916455,0
41059520832,0
41059520902,0
41059520888,0
10980916384,0
41059520876,0
41059520864,0
41059520924,0
41059520926,0
41059520925,0
41059520849,0
10980916430,0
41059520850,0
41059520848,0
41059520889,0
41059520916,0
41059520857,0
41059520930,0
41059520929,0
41059520859,0
41059520842,0
41059520858,0
41059520906,0
41059520920,0
41059520884,0
41059520935,0
41059520867,0
41059520896,0
41059520852,0
41059520878,0
10980916424,0
41059520931,0
41059520853,0
41059520871,0
41059520919,0
41059520918,0
41059520891,0
41059520883,0
41059520928,0
10980916423,0
41059520929,0
41059520833,0
10980916455,0
41059520832,0
41059520902,0
41059520888,0
10980916384,0
41059520929,0
41059520930,0
41059520859,0
41059520842,0
41059520858,0
41059520906,0
41059520920,0
41059520884,0
41059520935,0
41059520867,0
41059520896,0
41059520852,0
41059520878,0
10980916424,0
41059520931,0
41059520853,0
41059520871,0
41059520918,0
41059520919,0
41059520891,0
41059520883,0
41059520928,0
10980916423,0
41059520929,0
10980916455,0
41059520833,0
41059520888,0
10980916384,0
41059520936,0
41059520902,0
41059520930,0
41059520859,0
41059520842,0
41059520858,0
41059520937,0
41059520938,0
41059520938,0
41059520939,0
41059520853,0
41059520896,0
41059520918,0
41059520919,0
41059520891,0
10980916455,0
41059520883,0
41059520871,0
41059520940,0
41059520928,0
41059520936,0
41059520902,0
41059520852,0
41059520888,0
10980916384,0
41059520941,0
41059520863,0
41059520876,0
41059520882,0
41059520927,0
41059520915,0
41059520864,0
41059520942,0
10980916371,0
41059520924,0
41059520924,0
41059520924,0
41059520924,0
41059520926,0
41059520926,0
41059520926,0
41059520926,0
41059520925,0
41059520925,0
41059520925,0
41059520925,0
41059520849,0
10980916434,0
41059520911,0
41059520851,0
41059520935,0
10980916372,0
41059520906,0
10980916424,0
41059520920,0
10980916423,0
41059520884,0
10980916430,0
41059520878,0
41059520867,0
41059520850,0
41059520848,0
41059520866,0
41059520889,0
41059520910,0
41059520932,0
41059520900,0
41059520875,0
41059520901,0
41059520916,0
41059520943,0
41059520943,0
41059520943,0
41059520857,0
41059520877,0
41059520944,0
41059520938,0
41059520859,0
41059520842,0
41059520858,0
41059520863,0
41059520915,0
41059520927,0
10980916371,0
41059520924,0
41059520926,0
41059520925,0
10980916434,0
41059520911,0
41059520910,0
41059520900,0
41059520943,0
41059520877,0
2719162987,0
41059520736,0
41059520736,0
41059520747,0
41059520747,0
41059520747,0
41059520739,0
41059520744,0
41059520908,0
41059520934,0
41059520938,0
41059520937,0
41059520896,0
41059520941,0
41059520852,0
41059520882,0
41059520942,0
41059520924,0
41059520926,0
41059520925,0
10980916372,0
10980916424,0
41059520878,0
41059520932,0
41059520875,0
41059520943,0
41059520853,0
41059520891,0
41059520871,0
41059520883,0
41059520928,0
41059520919,0
41059520918,0
41059520924,0
41059520926,0
41059520925,0
41059520945,0
41059520750,0
41059520750,0
41059520750,0
41059520750,0
41059520750,0
41059520750,0
41059520750,0
41059520750,0
41059520750,0
41059520750,0
41059520750,0
41059520750,0
41059520750,0
41059520750,0
10980916423,0
41059520866,0
41059520901,0
41059520916,0
41059520933,0
41059520908,0
41059520934,0
41059520939,0
41059520940,0
10980916455,0
41059520936,0
41059520902,0
41059520888,0
10980916384,0
41059520876,0
41059520864,0
41059520924,0
41059520926,0
41059520925,0
41059520849,0
10980916430,0
41059520850,0
41059520848,0
41059520889,0
41059520943,0
41059520857,0
41059520851,0
41059520935,0
41059520906,0
41059520920,0
41059520884,0
41059520867,0
41059520859,0
41059520938,0
41059520842,0
41059520858,0
41059520863,0
41059520915,0
41059520927,0
10980916371,0
41059520926,0
41059520924,0
41059520925,0
10980916434,0
41059520911,0
41059520910,0
41059520900,0
41059520943,0
41059520877,0
41059520944,0
41059520938,0
41059520937,0
41059520896,0
41059520941,0
41059520852,0
41059520882,0
41059520942,0
41059520924,0
41059520926,0
41059520925,0
10980916372,0
10980916424,0
41059520878,0
41059520932,0
41059520875,0
41059520943,0
41059520853,0
41059520891,0
41059520871,0
41059520883,0
41059520919,0
41059520918,0
41059520928,0
41059520924,0
41059520926,0
41059520925,0
10980916423,0
41059520866,0
41059520901,0
41059520916,0
41059520939,0
41059520940,0
10980916455,0
41059520936,0
41059520902,0
41059520888,0
10980916384,0
41059520876,0
41059520864,0
41059520924,0
41059520926,0
41059520925,0
41059520849,0
10980916430,0
41059520850,0
41059520848,0
41059520889,0
41059520943,0
41059520857,0
41059520851,0
41059520935,0
41059520906,0
41059520920,0
41059520884,0
41059520867,0
41059520938,0
41059520859,0
41059520842,0
41059520858,0
41059520863,0
41059520915,0
41059520927,0
10980916371,0
41059520924,0
41059520926,0
41059520925,0
10980916434,0
41059520911,0
41059520910,0
41059520900,0
41059520943,0
41059520877,0
41059520938,0
41059520937,0
41059520896,0
41059520852,0
10980916424,0
41059520878,0
41059520853,0
41059520919,0
41059520918,0
41059520871,0
41059520891,0
41059520883,0
41059520928,0
10980916423,0
41059520939,0
41059520940,0
10980916455,0
41059520936,0
41059520902,0
41059520888,0
10980916384,0
41059520906,0
41059520920,0
41059520884,0
41059520935,0
41059520867,0
41059520859,0
41059520938,0
41059520842,0
41059520858,0
41059520938,0
41059520937,0
41059520896,0
41059520852,0
10980916424,0
41059520878,0
41059520853,0
41059520871,0
41059520918,0
41059520919,0
41059520891,0
41059520883,0
41059520928,0
10980916423,0
41059520939,0
41059520940,0
10980916455,0
41059520888,0
10980916384,0
41059520936,0
41059520902,0
41059520906,0
41059520920,0
41059520884,0
41059520935,0
41059520867,0
41059520859,0
41059520938,0
41059520842,0
41059520858,0
41059520937,0
41059520896,0
41059520852,0
10980916424,0
41059520878,0
41059520859,0
41059520946,0
41059520946,0
41059520947,0
41059520948,0
41059520949,0
41059520918,0
41059520940,0
41059520871,0
10980916455,0
41059520853,0
41059520883,0
41059520891,0
41059520858,0
41059520936,0
41059520919,0
41059520928,0
10980916384,0
41059520902,0
41059520888,0
41059520941,0
41059520863,0
41059520876,0
41059520915,0
41059520882,0
41059520927,0
41059520864,0
41059520942,0
10980916371,0
41059520924,0
41059520926,0
41059520926,0
41059520926,0
41059520926,0
41059520925,0
41059520950,0
41059520950,0
41059520950,0
41059520951,0
41059520951,0
41059520951,0
41059520849,0
10980916434,0
41059520911,0
41059520851,0
10980916372,0
10980916423,0
10980916430,0
41059520850,0
10980916411,0
41059520866,0
41059520889,0
41059520910,0
41059520932,0
41059520900,0
41059520875,0
41059520901,0
41059520943,0
41059520943,0
41059520943,0
41059520943,0
41059520857,0
41059520877,0
41059520944,0
41059520946,0
41059520896,0
41059520852,0
41059520941,0
41059520882,0
41059520942,0
41059520950,0
41059520951,0
41059520926,0
10980916372,0
10980916424,0
41059520878,0
41059520932,0
41059520875,0
41059520943,0
41059520908,0
41059520934,0
41059520946,0
41059520947,0
41059520853,0
41059520891,0
41059520883,0
41059520871,0
41059520919,0
41059520928,0
41059520918,0
41059520950,0
41059520951,0
41059520926,0
41059520944,0
41059520851,0
41059520935,0
41059520906,0
41059520920,0
10980916423,0
41059520884,0
41059520867,0
41059520866,0
41059520901,0
41059520943,0
41059520952,0
41059520940,0
10980916455,0
41059520936,0
41059520902,0
41059520888,0
10980916384,0
41059520876,0
41059520864,0
41059520951,0
41059520926,0
41059520925,0
41059520849,0
10980916430,0
41059520850,0
10980916411,0
41059520889,0
41059520943,0
41059520857,0
41059520859,0
41059520948,0
41059520949,0
41059520858,0
41059520863,0
41059520915,0
41059520927,0
10980916371,0
41059520951,0
41059520950,0
41059520926,0
10980916434,0
41059520911,0
41059520910,0
41059520900,0
41059520943,0
41059520877,0
41059520952,0
41059520946,0
41059520896,0
41059520852,0
41059520941,0
41059520882,0
41059520942,0
41059520950,0
41059520951,0
41059520926,0
10980916372,0
10980916424,0
41059520878,0
41059520932,0
41059520875,0
41059520943,0
41059520934,0
41059520908,0
41059520946,0
41059520947,0
41059520853,0
41059520891,0
41059520883,0
41059520871,0
41059520918,0
41059520919,0
41059520928,0
41059520951,0
41059520950,0
41059520926,0
41059520851,0
41059520935,0
41059520906,0
41059520920,0
10980916423,0
41059520884,0
41059520867,0
41059520866,0
41059520901,0
41059520943,0
41059520940,0
10980916455,0
41059520936,0
41059520902,0
41059520888,0
10980916384,0
41059520876,0
41059520864,0
41059520951,0
41059520926,0
41059520925,0
41059520953,0
10980916430,0
41059520850,0
10980916411,0
41059520889,0
41059520943,0
41059520857,0
41059520859,0
41059520948,0
41059520949,0
41059520858,0
41059520863,0
41059520915,0
41059520927,0
10980916371,0
41059520951,0
41059520950,0
41059520954,0
10980916434,0
41059520911,0
41059520910,0
41059520900,0
41059520943,0
41059520877,0
41059520946,0
41059520896,0
41059520852,0
41059520941,0
41059520882,0
41059520942,0
41059520926,0
41059520950,0
41059520951,0
10980916372,0
10980916424,0
41059520878,0
41059520932,0
41059520875,0
41059520943,0
41059520946,0
41059520947,0
41059520853,0
41059520891,0
41059520883,0
41059520871,0
41059520918,0
41059520919,0
41059520928,0
10980916423,0
41059520906,0
41059520920,0
41059520884,0
41059520935,0
41059520867,0
41059520940,0
10980916455,0
41059520936,0
41059520888,0
10980916384,0
41059520902,0
41059520859,0
41059520948,0
41059520949,0
41059520858,0
41059520946,0
41059520896,0
10980916424,0
41059520878,0
41059520852,0
41059520946,0
41059520947,0
41059520871,0
41059520918,0
41059520919,0
41059520853,0
41059520891,0
41059520883,0
41059520928,0
10980916423,0
41059520906,0
41059520920,0
41059520884,0
41059520935,0
41059520867,0
41059520940,0
10980916455,0
41059520936,0
41059520902,0
10980916384,0
41059520888,0
41059520859,0
41059520948,0
41059520949,0
41059520858,0
41059520946,0
41059520896,0
41059520852,0
10980916424,0
41059520878,0
41059520947,0
41059520853,0
41059520891,0
41059520871,0
41059520919,0
41059520918,0
41059520883,0
41059520928,0
41059520906,0
41059520920,0
41059520884,0
41059520935,0
41059520867,0
41059520859,0
41059520955,0
41059520955,0
41059520956,0
41059520957,0
41059520949,0
41059520896,0
41059520940,0
41059520858,0
41059520936,0
41059520888,0
10980916455,0
41059520902,0
41059520958,0
41059520941,0
41059520863,0
41059520882,0
41059520927,0
41059520915,0
41059520876,0
41059520864,0
41059520942,0
10980916371,0
41059520950,0
41059520951,0
41059520951,0
41059520950,0
41059520950,0
41059520951,0
41059520951,0
41059520950,0
41059520954,0
41059520954,0
41059520954,0
41059520954,0
41059520953,0
41059520851,0
41059520911,0
41059520878,0
41059520866,0
41059520889,0
41059520910,0
41059520932,0
41059520900,0
41059520875,0
41059520901,0
41059520943,0
41059520943,0
41059520943,0
41059520943,0
41059520857,0
41059520877,0
41059520908,0
41059520934,0
41059520955,0
41059520871,0
41059520959,0
41059520891,0
41059520883,0
41059520918,0
41059520928,0
41059520919,0
41059520950,0
41059520954,0
41059520951,0
41059520866,0
41059520901,0
41059520943,0
41059520944,0
41059520952,0
41059520955,0
41059520956,0
41059520940,0
10980916455,0
41059520936,0
41059520902,0
41059520888,0
41059520876,0
41059520864,0
41059520951,0
41059520950,0
41059520954,0
41059520953,0
41059520889,0
41059520943,0
41059520960,0
41059520859,0
41059520949,0
41059520858,0
41059520863,0
41059520927,0
41059520915,0
41059520950,0
41059520951,0
41059520954,0
41059520911,0
41059520910,0
41059520900,0
41059520943,0
41059520952,0
41059520877,0
41059520851,0
41059520935,0
41059520906,0
41059520920,0
41059520884,0
41059520867,0
41059520957,0
41059520896,0
41059520958,0
41059520941,0
41059520882,0
41059520942,0
41059520954,0
41059520950,0
41059520951,0
41059520878,0
41059520932,0
41059520875,0
41059520943,0
41059520934,0
41059520908,0
41059520955,0
41059520871,0
41059520959,0
41059520891,0
41059520883,0
41059520918,0
41059520919,0
41059520928,0
41059520950,0
41059520951,0
41059520954,0
41059520866,0
41059520901,0
41059520943,0
41059520744,0
41059520955,0
41059520956,0
41059520940,0
10980916455,0
41059520936,0
41059520902,0
41059520888,0
41059520876,0
41059520864,0
41059520954,0
41059520951,0
41059520950,0
41059520953,0
41059520889,0
41059520943,0
41059520960,0
41059520859,0
41059520949,0
41059520961,0
41059520863,0
41059520927,0
41059520915,0
41059520954,0
41059520950,0
41059520951,0
41059520911,0
41059520910,0
41059520900,0
41059520943,0
41059520877,0
41059520851,0
41059520935,0
41059520906,0
41059520920,0
41059520884,0
41059520867,0
41059520957,0
41059520896,0
41059520958,0
41059520941,0
41059520882,0
41059520942,0
41059520954,0
41059520951,0
41059520950,0
41059520878,0
41059520932,0
41059520875,0
41059520943,0
41059520955,0
41059520871,0
41059520959,0
41059520891,0
41059520919,0
41059520918,0
41059520883,0
41059520928,0
41059520950,0
41059520951,0
41059520954,0
41059520866,0
41059520901,0
41059520943,0
41059520955,0
41059520956,0
41059520940,0
10980916455,0
41059520936,0
41059520902,0
41059520888,0
41059520876,0
41059520864,0
41059520954,0
41059520951,0
41059520950,0
41059520953,0
41059520889,0
41059520943,0
41059520960,0
10980916456,0
41059520949,0
41059520961,0
41059520906,0
41059520920,0
41059520884,0
41059520935,0
41059520867,0
41059520957,0
41059520896,0
41059520958,0
41059520878,0
41059520955,0
41059520959,0
41059520871,0
41059520919,0
41059520918,0
41059520891,0
41059520883,0
41059520928,0
41059520955,0
41059520956,0
41059520940,0
41059520936,0
41059520888,0
10980916455,0
41059520902,0
10980916456,0
41059520949,0
41059520961,0
41059520906,0
41059520920,0
41059520884,0
41059520935,0
41059520867,0
41059520957,0
41059520958,0
41059520896,0
41059520878,0
41059520955,0
41059520959,0
41059520871,0
41059520919,0
41059520918,0
41059520891,0
41059520928,0
41059520883,0
41059520956,0
41059520940,0
41059520936,0
41059520902,0
41059520888,0
41059520962,0
41059520962,0
41059520949,0
41059520959,0
41059520891,0
41059520958,0
41059520896,0
41059520919,0
41059520961,0
41059520918,0
41059520928,0
41059520871,0
41059520883,0
41059520941,0
41059520963,0
41059520882,0
41059520927,0
41059520915,0
41059520864,0
41059520942,0
41059520876,0
41059520950,0
41059520951,0
41059520951,0
41059520950,0
41059520950,0
41059520951,0
41059520951,0
41059520950,0
41059520954,0
41059520954,0
41059520954,0
41059520954,0
41059520953,0
41059520911,0
41059520851,0
41059520878,0
41059520866,0
41059520889,0
41059520910,0
41059520932,0
41059520900,0
41059520875,0
41059520901,0
41059520943,0
41059520943,0
41059520964,0
41059520964,0
41059520960,0
41059520877,0
41059520934,0
41059520965,0
41059520944,0
41059520962,0
41059520940,0
41059520936,0
41059520902,0
41059520888,0
41059520876,0
41059520966,0
41059520954,0
41059520950,0
41059520951,0
41059520953,0
41059520889,0
41059520964,0
41059520960,0
41059520952,0
41059520851,0
41059520935,0
41059520906,0
41059520920,0
41059520884,0
41059520867,0
41059520962,0
41059520949,0
41059520961,0
41059520963,0
41059520915,0
41059520927,0
41059520954,0
41059520951,0
41059520950,0
41059520911,0
41059520910,0
41059520900,0
41059520964,0
41059520952,0
41059520877,0
41059520896,0
41059520941,0
41059520958,0
41059520882,0
41059520942,0
41059520954,0
41059520950,0
41059520951,0
41059520878,0
41059520932,0
41059520875,0
41059520943,0
41059520934,0
41059520965,0
41059520883,0
41059520959,0
41059520891,0
41059520871,0
41059520918,0
41059520919,0
41059520928,0
41059520951,0
41059520950,0
41059520954,0
41059520866,0
41059520901,0
41059520964,0
41059520962,0
41059520940,0
41059520936,0
41059520902,0
41059520888,0
41059520876,0
41059520966,0
41059520950,0
41059520951,0
41059520954,0
41059520953,0
41059520889,0
41059520964,0
41059520960,0
41059520851,0
41059520935,0
41059520906,0
41059520920,0
41059520884,0
41059520867,0
41059520962,0
41059520949,0
41059520961,0
41059520963,0
41059520915,0
41059520927,0
41059520951,0
41059520950,0
41059520954,0
41059520911,0
41059520910,0
41059520900,0
41059520964,0
41059520877,0
41059520952,0
41059520896,0
41059520958,0
41059520941,0
41059520882,0
41059520942,0
41059520950,0
41059520951,0
41059520954,0
41059520878,0
41059520932,0
41059520875,0
41059520943,0
41059520871,0
41059520959,0
41059520891,0
41059520883,0
41059520918,0
41059520919,0
41059520928,0
41059520951,0
41059520950,0
41059520954,0
41059520967,0
41059520901,0
41059520964,0
41059520962,0
41059520940,0
41059520936,0
41059520902,0
41059520888,0
41059520876,0
41059520966,0
41059520950,0
41059520951,0
41059520954,0
41059520953,0
41059520889,0
41059520964,0
41059520960,0
41059520968,0
41059520935,0
41059520906,0
41059520920,0
41059520884,0
41059520867,0
41059520962,0
41059520949,0
41059520961,0
41059520963,0
41059520915,0
41059520927,0
41059520954,0
41059520951,0
41059520950,0
41059520944,0
41059520911,0
41059520910,0
41059520900,0
41059520964,0
41059520877,0
41059520896,0
41059520878,0
41059520958,0
41059520959,0
41059520871,0
41059520918,0
41059520883,0
41059520891,0
41059520919,0
41059520928,0
41059520962,0
41059520940,0
41059520936,0
41059520902,0
41059520888,0
41059520906,0
41059520920,0
41059520884,0
41059520935,0
41059520867,0
41059520962,0
41059520949,0
41059520961,0
41059520896,0
41059520958,0
41059520878,0
41059520959,0
41059520871,0
41059520919,0
41059520891,0
41059520918,0
41059520883,0
41059520928,0
41059520962,0
41059520940,0
41059520936,0
41059520888,0
41059520902,0
41059520906,0
41059520920,0
41059520884,0
41059520935,0
41059520867,0
41059520949,0
41059520961,0
41059520969,0
41059520969,0
41059520959,0
41059520871,0
41059520896,0
41059520940,0
41059520919,0
41059520891,0
41059520918,0
41059520958,0
41059520936,0
41059520883,0
41059520928,0
41059520888,0
41059520902,0
41059520941,0
41059520963,0
41059520915,0
41059520882,0
41059520927,0
41059520876,0
41059520966,0
41059520942,0
41059520951,0
41059520954,0
41059520954,0
41059520954,0
41059520954,0
41059520950,0
41059520970,0
41059520970,0
41059520970,0
41059520971,0
41059520971,0
41059520971,0
41059520953,0
41059520911,0
41059520968,0
41059520878,0
41059520967,0
41059520889,0
41059520910,0
41059520932,0
41059520900,0
41059520875,0
41059520901,0
41059520964,0
41059520964,0
41059520964,0
41059520964,0
41059520960,0
41059520877,0
41059520747,0
41059520965,0
41059520934,0
41059520969,0
41059520949,0
41059520961,0
41059520915,0
41059520963,0
41059520927,0
41059520970,0
41059520971,0
41059520954,0
41059520911,0
41059520910,0
41059520900,0
41059520964,0
41059520877,0
41059520952,0
41059520969,0
41059520896,0
41059520941,0
41059520958,0
41059520882,0
41059520942,0
41059520954,0
41059520970,0
41059520971,0
41059520878,0
41059520932,0
41059520875,0
41059520964,0
41059520934,0
41059520965,0
41059520959,0
41059520883,0
41059520891,0
41059520972,0
41059520928,0
41059520919,0
41059520918,0
41059520954,0
41059520950,0
41059520951,0
41059520967,0
41059520901,0
41059520964,0
41059520968,0
41059520935,0
41059520906,0
41059520920,0
41059520884,0
41059520867,0
41059520940,0
41059520936,0
41059520902,0
41059520888,0
41059520876,0
41059520966,0
41059520971,0
41059520954,0
41059520970,0
41059520953,0
41059520889,0
41059520964,0
41059520960,0
41059520969,0
41059520949,0
41059520961,0
41059520963,0
41059520915,0
41059520927,0
41059520970,0
41059520954,0
41059520971,0
41059520911,0
41059520910,0
41059520900,0
41059520964,0
41059520877,0
41059520952,0
41059520969,0
41059520896,0
41059520941,0
41059520958,0
41059520882,0
41059520942,0
41059520954,0
41059520970,0
41059520971,0
41059520878,0
41059520932,0
41059520973,0
41059520964,0
41059520934,0
41059520965,0
41059520959,0
41059520891,0
41059520883,0
41059520972,0
41059520918,0
41059520919,0
41059520928,0
41059520954,0
41059520950,0
41059520971,0
41059520967,0
41059520901,0
41059520964,0
41059520968,0
41059520935,0
41059520906,0
41059520920,0
41059520884,0
41059520867,0
41059520944,0
41059520940,0
41059520936,0
41059520902,0
41059520888,0
41059520876,0
41059520966,0
41059520954,0
41059520971,0
41059520970,0
41059520953,0
41059520889,0
41059520964,0
41059520960,0
41059520969,0
41059520949,0
41059520961,0
41059520963,0
41059520927,0
41059520915,0
41059520970,0
41059520954,0
41059520971,0
41059520911,0
41059520910,0
41059520900,0
41059520964,0
41059520877,0
41059520969,0
41059520896,0
41059520958,0
41059520941,0
41059520882,0
41059520942,0
41059520954,0
41059520971,0
41059520970,0
41059520878,0
41059520932,0
41059520973,0
41059520964,0
41059520959,0
41059520972,0
41059520918,0
41059520919,0
41059520891,0
41059520883,0
41059520928,0
41059520906,0
41059520920,0
41059520884,0
41059520935,0
41059520867,0
41059520940,0
41059520936,0
41059520888,0
41059520902,0
41059520969,0
41059520949,0
41059520961,0
41059520969,0
41059520958,0
41059520896,0
41059520878,0
41059520959,0
41059520972,0
41059520918,0
41059520919,0
41059520891,0
41059520883,0
41059520928,0
41059520906,0
41059520920,0
41059520884,0
41059520935,0
41059520867,0
41059520940,0
41059520936,0
41059520902,0
41059520888,0
41059520969,0
41059520949,0
41059520961,0
41059520896,0
41059520958,0
41059520878,0
41059520974,0
41059520974,0
41059520949,0
41059520959,0
41059520972,0
41059520918,0
41059520940,0
41059520919,0
41059520883,0
41059520891,0
41059520961,0
41059520936,0
41059520888,0
41059520928,0
41059520902,0
41059520941,0
41059520915,0
41059520927,0
41059520963,0
41059520966,0
41059520975,0
41059520942,0
41059520976,0
41059520970,0
41059520971,0
41059520971,0
41059520970,0
41059520970,0
41059520971,0
41059520971,0
41059520970,0
41059520977,0
41059520977,0
41059520977,0
41059520977,0
41059520953,0
41059520911,0
41059520968,0
41059520967,0
41059520889,0
41059520910,0
41059520932,0
41059520900,0
41059520973,0
41059520901,0
41059520964,0
41059520964,0
41059520964,0
41059520964,0
41059520960,0
41059520978,0
41059520965,0
41059520934,0
41059520979,0
41059520896,0
41059520958,0
41059520941,0
41059520975,0
41059520942,0
41059520970,0
41059520977,0
41059520971,0
41059520968,0
41059520935,0
41059520906,0
41059520920,0
41059520884,0
41059520980,0
41059520867,0
41059520932,0
41059520973,0
41059520964,0
41059520934,0
41059520965,0
41059520952,0
41059520974,0
41059520959,0
41059520883,0
41059520891,0
41059520972,0
41059520919,0
41059520928,0
41059520918,0
41059520977,0
41059520971,0
41059520970,0
41059520967,0
41059520901,0
41059520964,0
41059520940,0
41059520936,0
41059520902,0
41059520888,0
41059520976,0
41059520966,0
41059520977,0
41059520970,0
41059520971,0
41059520953,0
41059520889,0
41059520964,0
41059520960,0
41059520949,0
41059520961,0
41059520927,0
41059520915,0
41059520963,0
41059520977,0
41059520971,0
41059520970,0
41059520911,0
41059520910,0
41059520900,0
41059520964,0
41059520952,0
41059520978,0
41059520979,0
41059520896,0
41059520958,0
41059520941,0
41059520942,0
41059520975,0
41059520970,0
41059520977,0
41059520971,0
41059520968,0
41059520935,0
41059520906,0
41059520920,0
41059520884,0
41059520980,0
41059520867,0
41059520932,0
41059520973,0
41059520964,0
41059520934,0
41059520965,0
41059520974,0
41059520959,0
41059520891,0
41059520972,0
41059520919,0
41059520883,0
41059520928,0
41059520918,0
41059520977,0
41059520971,0
41059520970,0
41059520967,0
41059520901,0
41059520964,0
41059520940,0
41059520936,0
41059520902,0
41059520888,0
41059520976,0
41059520966,0
41059520977,0
41059520970,0
41059520971,0
41059520953,0
41059520889,0
41059520964,0
41059520960,0
10980916388,1
41059520944,0
41059520949,0
41059520961,0
41059520963,0
41059520915,0
41059520927,0
41059520977,0
41059520971,0
41059520970,0
41059520911,0
41059520910,0
41059520900,0
41059520964,0
41059520978,0
41059520979,0
41059520896,0
41059520958,0
41059520941,0
41059520975,0
41059520942,0
41059520970,0
41059520977,0
41059520971,0
41059520968,0
41059520935,0
41059520906,0
41059520920,0
41059520884,0
41059520980,0
41059520867,0
41059520932,0
41059520973,0
41059520964,0
41059520974,0
41059520959,0
41059520891,0
41059520972,0
41059520919,0
41059520918,0
41059520928,0
41059520981,0
41059520977,0
41059520971,0
41059520970,0
41059520967,0
41059520901,0
41059520964,0
41059520940,0
41059520936,0
41059520902,0
41059520888,0
41059520949,0
41059520961,0
41059520979,0
41059520896,0
41059520958,0
41059520980,0
41059520906,0
41059520920,0
41059520884,0
41059520935,0
41059520982,0
41059520974,0
41059520959,0
41059520972,0
41059520918,0
41059520919,0
41059520891,0
41059520981,0
41059520928,0
41059520940,0
41059520936,0
41059520888,0
41059520902,0
41059520949,0
41059520961,0
41059520979,0
41059520896,0
41059520958,0
41059520980,0
41059520906,0
41059520920,0
41059520884,0
41059520935,0
41059520982,0
41059520959,0
41059520972,0
41059520919,0
41059520918,0
41059520981,0
41059520891,0
41059520928,0
41059520983,0
41059520983,0
41059520949,0
41059520896,0
41059520961,0
41059520940,0
41059520936,0
41059520958,0
41059520902,0
41059520888,0
41059520941,0
41059520963,0
41059520975,0
41059520927,0
41059520915,0
41059520966,0
41059520942,0
41059520976,0
41059520970,0
41059520970,0
41059520971,0
41059520971,0
41059520970,0
41059520970,0
41059520971,0
41059520971,0
41059520977,0
41059520977,0
41059520977,0
41059520977,0
41059520953,0
41059520911,0
41059520968,0
41059520980,0
41059520967,0
41059520984,0
41059520910,0
41059520932,0
41059520900,0
41059520973,0
41059520901,0
41059520964,0
41059520964,0
41059520985,0
41059520985,0
41059520960,0
41059520978,0
41059520965,0
41059520934,0
41059520983,0
41059520981,0
41059520959,0
41059520891,0
41059520972,0
41059520918,0
41059520919,0
41059520928,0
41059520970,0
41059520977,0
41059520971,0
41059520967,0
41059520901,0
41059520985,0
41059520952,0
41059520983,0
41059520940,0
41059520936,0
41059520902,0
41059520986,0
41059520966,0
41059520976,0
41059520977,0
41059520971,0
41059520970,0
41059520953,0
41059520984,0
41059520964,0
41059520960,0
41059520968,0
41059520935,0
41059520906,0
41059520920,0
41059520884,0
41059520982,0
41059520949,0
41059520961,0
41059520927,0
41059520915,0
41059520963,0
41059520977,0
41059520970,0
41059520971,0
41059520911,0
41059520910,0
41059520900,0
41059520964,0
41059520952,0
41059520978,0
41059520896,0
41059520958,0
41059520941,0
41059520975,0
41059520942,0
41059520977,0
41059520971,0
41059520970,0
41059520980,0
41059520932,0
41059520973,0
41059520985,0
41059520934,0
41059520965,0
41059520983,0
41059520981,0
41059520959,0
41059520891,0
41059520972,0
41059520919,0
41059520918,0
41059520928,0
41059520970,0
41059520977,0
41059520971,0
41059520967,0
41059520901,0
41059520985,0
41059520749,0
41059520749,0
41059520749,0
41059520749,0
41059520749,0
41059520983,0
41059520940,0
41059520936,0
41059520902,0
41059520986,0
41059520976,0
41059520966,0
41059520977,0
41059520971,0
41059520970,0
41059520953,0
41059520984,0
41059520985,0
41059520960,0
41059520968,0
41059520935,0
41059520906,0
41059520920,0
41059520884,0
41059520982,0
41059520949,0
41059520961,0
41059520927,0
41059520963,0
41059520915,0
41059520977,0
41059520970,0
41059520971,0
41059520911,0
41059520910,0
41059520900,0
41059520964,0
41059520978,0
41059520944,0
41059520896,0
41059520958,0
41059520941,0
41059520975,0
41059520942,0
41059520977,0
41059520970,0
41059520971,0
41059520980,0
41059520932,0
41059520973,0
41059520985,0
41059520983,0
41059520959,0
41059520891,0
41059520981,0
41059520972,0
41059520918,0
41059520919,0
41059520928,0
41059520970,0
41059520977,0
41059520971,0
41059520967,0
41059520901,0
41059520985,0
41059520983,0
41059520940,0
41059520936,0
41059520902,0
41059520986,0
41059520976,0
41059520966,0
41059520977,0
41059520971,0
41059520970,0
41059520953,0
41059520984,0
41059520985,0
41059520960,0
41059520944,0
41059520968,0
41059520935,0
41059520906,0
41059520920,0
41059520884,0
41059520982,0
41059520949,0
41059520961,0
41059520896,0
41059520958,0
41059520980,0
41059520983,0
41059520959,0
41059520972,0
41059520918,0
41059520919,0
41059520987,0
41059520981,0
41059520928,0
41059520983,0
41059520940,0
41059520902,0
41059520936,0
41059520986,0
41059520906,0
41059520920,0
41059520884,0
41059520935,0
41059520982,0
41059520949,0
41059520961,0
41059520896,0
41059520958,0
41059520980,0
41059520983,0
41059520959,0
41059520987,0
41059520972,0
41059520919,0
41059520918,0
41059520981,0
41059520928,0
41059520940,0
41059520902,0
41059520936,0
41059520986,0
41059520988,0
41059520988,0
41059520949,0
41059520959,0
41059520987,0
41059520972,0
41059520919,0
41059520896,0
41059520918,0
41059520958,0
41059520961,0
41059520981,0
41059520928,0
41059520941,0
41059520963,0
41059520975,0
41059520927,0
41059520976,0
41059520915,0
41059520966,0
41059520942,0
41059520977,0
41059520977,0
41059520970,0
41059520971,0
41059520970,0
41059520977,0
41059520977,0
41059520989,0
41059520989,0
41059520989,0
41059520990,0
41059520990,0
41059520953,0
41059520911,0
41059520968,0
41059520980,0
41059520967,0
41059520984,0
41059520910,0
41059520932,0
41059520900,0
41059520973,0
41059520991,0
41059520985,0
41059520985,0
41059520985,0
41059520985,0
41059520960,0
41059520978,0
41059520968,0
41059520935,0
41059520906,0
41059520920,0
41059520884,0
41059520982,0
41059520952,0
41059520965,0
41059520934,0
41059520988,0
41059520940,0
41059520936,0
41059520902,0
41059520986,0
41059520976,0
41059520966,0
41059520977,0
41059520990,0
41059520989,0
41059520953,0
41059520984,0
41059520985,0
41059520960,0
41059520988,0
41059520949,0
41059520961,0
41059520927,0
41059520963,0
41059520915,0
41059520977,0
41059520990,0
41059520989,0
41059520911,0
41059520910,0
41059520992,0
41059520985,0
41059520978,0
41059520952,0
41059520993,0
41059520958,0
41059520941,0
41059520975,0
41059520942,0
41059520977,0
41059520970,0
41059520971,0
41059520980,0
41059520932,0
41059520973,0
41059520985,0
41059520934,0
41059520965,0
68179699908,0
10980916420,1
41059520959,0
41059520987,0
41059520981,0
41059520972,0
41059520919,0
41059520918,0
41059520928,0
41059520977,0
41059520990,0
41059520989,0
41059520967,0
41059520991,0
41059520985,0
41059520968,0
41059520935,0
41059520906,0
41059520920,0
41059520884,0
41059520982,0
41059520988,0
41059520902,0
41059520940,0
41059520936,0
41059520986,0
41059520976,0
41059520966,0
41059520990,0
41059520977,0
41059520989,0
41059520953,0
41059520984,0
41059520985,0
41059520960,0
41059520988,0
41059520949,0
41059520961,0
41059520963,0
41059520927,0
41059520915,0
41059520977,0
41059520990,0
41059520989,0
41059520911,0
41059520910,0
41059520992,0
41059520985,0
41059520952,0
41059520978,0
41059520993,0
41059520941,0
41059520958,0
41059520975,0
41059520942,0
41059520977,0
41059520970,0
41059520971,0
41059520980,0
41059520932,0
41059520973,0
41059520985,0
41059520934,0
41059520965,0
41059520959,0
41059520987,0
41059520919,0
41059520981,0
41059520918,0
41059520972,0
41059520928,0
41059520977,0
41059520990,0
41059520989,0
41059520967,0
41059520991,0
41059520985,0
41059520968,0
41059520935,0
41059520906,0
41059520920,0
41059520884,0
41059520982,0
41059520988,0
41059520902,0
41059520940,0
41059520936,0
41059520986,0
41059520976,0
41059520966,0
41059520990,0
41059520977,0
41059520989,0
41059520953,0
41059520984,0
41059520985,0
41059520960,0
41059520988,0
41059520949,0
41059520961,0
41059520963,0
41059520927,0
41059520915,0
41059520977,0
41059520990,0
41059520989,0
41059520911,0
41059520910,0
41059520992,0
41059520985,0
41059520952,0
41059520978,0
41059520944,0
41059520993,0
41059520958,0
41059520941,0
41059520975,0
41059520942,0
41059520977,0
41059520970,0
41059520989,0
41059520980,0
41059520932,0
41059520973,0
41059520985,0
41059520959,0
41059520987,0
41059520918,0
41059520972,0
41059520919,0
41059520981,0
41059520928,0
41059520906,0
41059520920,0
41059520884,0
41059520935,0
41059520982,0
41059520988,0
41059520902,0
41059520940,0
41059520936,0
41059520986,0
41059520988,0
41059520949,0
41059520961,0
41059520993,0
41059520958,0
41059520980,0
41059520959,0
41059520987,0
41059520972,0
41059520918,0
41059520919,0
41059520981,0
41059520928,0
41059520906,0
41059520920,0
41059520994,0
41059520935,0
41059520982,0
41059520988,0
41059520936,0
41059520940,0
41059520902,0
41059520986,0
41059520949,0
41059520961,0
41059520995,0
41059520995,0
41059520959,0
41059520987,0
41059520972,0
41059520993,0
41059520918,0
41059520919,0
41059520981,0
41059520936,0
41059520940,0
41059520986,0
41059520928,0
41059520996,0
41059520941,0
41059520963,0
41059520958,0
41059520975,0
41059520927,0
41059520976,0
41059520915,0
41059520966,0
41059520942,0
41059520990,0
41059520990,0
41059520990,0
41059520990,0
41059520997,0
41059520997,0
41059520997,0
41059520997,0
41059520989,0
41059520989,0
41059520989,0
41059520989,0
41059520953,0
41059520911,0
41059520968,0
41059520980,0
41059520967,0
41059520984,0
41059520910,0
41059520932,0
41059520992,0
41059520973,0
41059520991,0
41059520985,0
41059520985,0
41059520985,0
41059520985,0
41059520960,0
41059520978,0
41059520952,0
41059520965,0
41059520934,0
41059520995,0
41059520949,0
41059520961,0
41059520927,0
41059520963,0
41059520915,0
41059520990,0
41059520997,0
41059520989,0
41059520911,0
41059520910,0
41059520992,0
41059520985,0
41059520978,0
41059520995,0
41059520993,0
41059520941,0
41059520958,0
41059520975,0
41059520942,0
41059520997,0
41059520990,0
41059520989,0
41059520980,0
41059520932,0
41059520973,0
41059520985,0
41059520934,0
41059520965,0
41059520968,0
41059520935,0
41059520906,0
41059520920,0
41059520994,0
41059520982,0
41059520959,0
41059520987,0
41059520981,0
41059520972,0
41059520919,0
41059520928,0
41059520918,0
41059520990,0
41059520997,0
41059520989,0
41059520967,0
41059520991,0
41059520985,0
41059520952,0
41059520940,0
41059520936,0
41059520996,0
41059520986,0
41059520966,0
41059520976,0
41059520990,0
41059520997,0
41059520989,0
41059520953,0
41059520984,0
41059520985,0
41059520960,0
41059520995,0
41059520949,0
41059520961,0
41059520927,0
41059520963,0
41059520915,0
41059520990,0
41059520997,0
41059520989,0
41059520911,0
41059520910,0
41059520992,0
41059520985,0
41059520952,0
41059520978,0
41059520995,0
41059520958,0
41059520993,0
41059520941,0
41059520975,0
41059520942,0
41059520990,0
41059520997,0
41059520989,0
41059520980,0
41059520932,0
41059520973,0
41059520985,0
41059520934,0
41059520965,0
41059520968,0
41059520935,0
41059520906,0
41059520920,0
41059520994,0
41059520982,0
41059520981,0
41059520959,0
41059520987,0
41059520972,0
41059520919,0
41059520928,0
41059520918,0
41059520990,0
41059520997,0
41059520989,0
41059520967,0
41059520991,0
41059520985,0
41059520944,0
41059520940,0
41059520936,0
41059520996,0
41059520986,0
41059520966,0
41059520976,0
41059520997,0
41059520990,0
41059520989,0
41059520953,0
41059520984,0
41059520985,0
41059520960,0
41059520995,0
41059520949,0
41059520961,0
41059520963,0
41059520927,0
41059520915,0
41059520990,0
41059520997,0
41059520989,0
41059520911,0
41059520998,0
41059520992,0
41059520985,0
41059520978,0
41059520952,0
41059520995,0
41059520993,0
41059520941,0
41059520958,0
41059520975,0
41059520942,0
41059520990,0
41059520997,0
41059520989,0
41059520980,0
41059520932,0
41059520973,0
41059520985,0
41059520968,0
41059520935,0
41059520906,0
41059520920,0
41059520994,0
41059520982,0
41059520959,0
41059520987,0
41059520981,0
41059520972,0
41059520919,0
41059520928,0
41059520918,0
41059520990,0
41059520997,0
41059520989,0
41059520967,0
41059520991,0
41059520985,0
41059520936,0
41059520940,0
41059520986,0
41059520996,0
41059520995,0
41059520949,0
41059520961,0
41059520995,0
41059520993,0
41059520980,0
41059520958,0
41059520906,0
41059520920,0
41059520994,0
41059520935,0
41059520982,0
41059520959,0
41059520972,0
41059520918,0
41059520919,0
41059520987,0
41059520981,0
41059520928,0
41059520940,0
41059520936,0
41059520996,0
41059520986,0
41059520995,0
41059520949,0
41059520961,0
41059520993,0
41059520958,0
41059520980,0
41059520906,0
41059520920,0
41059520994,0
41059520935,0
41059520982,0
41059520999,0
41059520999,0
41059520949,0
41059520959,0
41059520972,0
41059520918,0
41059520919,0
41059520981,0
41059520987,0
41059520961,0
41059520936,0
41059520940,0
41059520928,0
41059520996,0
41059520986,0
41059520941,0
41059520963,0
41059520975,0
41059520927,0
41059520976,0
41059520915,0
41059520966,0
41059520942,0
41059520990,0
41059520990,0
41059520990,0
41059520990,0
41059520997,0
41059520997,0
41059520997,0
41059520997,0
41059520989,0
41059520989,0
41059520989,0
41059520989,0
41059520953,0
41059521000,0
41059520968,0
41059520967,0
41059520984,0
41059520998,0
41059520932,0
41059520992,0
41059520973,0
41059520991,0
41059520985,0
41059520985,0
41059521001,0
41059521001,0
41059520960,0
41059520978,0
41059520965,0
41059520934,0
41059520999,0
41059520993,0
41059520958,0
41059520941,0
41059520975,0
41059520942,0
41059520990,0
41059520997,0
41059520989,0
41059520980,0
41059520932,0
41059520973,0
41059521001,0
41059520934,0
41059520965,0
41059520999,0
41059520959,0
41059520972,0
41059520919,0
41059520987,0
41059520918,0
41059520981,0
41059520928,0
41059520990,0
41059520997,0
41059520989,0
41059520967,0
41059520991,0
41059520985,0
41059520940,0
41059520936,0
41059520996,0
41059520986,0
41059520976,0
41059520966,0
41059520990,0
41059520997,0
41059520989,0
41059520953,0
41059520984,0
41059520985,0
41059520960,0
41059520952,0
41059520949,0
41059520961,0
41059520963,0
41059520927,0
41059521002,0
41059520990,0
41059520997,0
41059520989,0
41059521000,0
41059520968,0
41059520935,0
41059520906,0
41059520920,0
41059520994,0
41059520982,0
41059520998,0
41059520992,0
41059521001,0
41059520952,0
41059520978,0
41059520999,0
41059520993,0
41059520958,0
41059520941,0
41059520942,0
41059520975,0
41059520990,0
41059520997,0
41059520989,0
41059520980,0
41059520932,0
41059520973,0
41059521001,0
41059520934,0
41059520965,0
41059520999,0
41059520959,0
41059520987,0
41059520981,0
41059520972,0
41059520919,0
41059520928,0
41059520918,0
41059520997,0
41059520990,0
41059520989,0
41059520967,0
41059520991,0
41059520985,0
41059520940,0
41059520936,0
41059520996,0
41059520986,0
41059520966,0
41059520976,0
41059520990,0
41059520997,0
41059520989,0
41059520953,0
41059520984,0
41059520985,0
41059520960,0
41059520949,0
41059520961,0
41059520963,0
41059520927,0
41059521002,0
41059520997,0
41059520990,0
41059520989,0
41059521000,0
41059520968,0
41059520935,0
41059520906,0
41059520920,0
41059520994,0
41059520982,0
41059520998,0
41059520992,0
41059521001,0
41059520978,0
41059520952,0
41059520999,0
41059520993,0
41059520941,0
41059520958,0
41059520975,0
41059520942,0
41059520990,0
41059520997,0
41059520989,0
41059520980,0
41059520932,0
41059520973,0
41059521001,0
41059520999,0
41059520959,0
41059520972,0
41059520987,0
41059520919,0
41059520918,0
41059520981,0
41059520928,0
41059520990,0
41059520997,0
41059520989,0
41059520967,0
41059520991,0
41059521001,0
41059520940,0
41059520936,0
41059520996,0
41059520986,0
41059520966,0
41059520976,0
41059520990,0
41059520997,0
41059520989,0
41059520953,0
41059520984,0
41059520985,0
41059520960,0
41059520949,0
41059520961,0
41059520906,0
41059520920,0
41059520994,0
41059520935,0
41059520982,0
41059520999,0
41059520993,0
41059520958,0
41059520980,0
41059520999,0
41059520959,0
41059520972,0
41059520919,0
41059520987,0
41059521003,0
41059520928,0
41059520981,0
41059520936,0
41059520940,0
41059520986,0
41059520996,0
41059520949,0
41059520961,0
41059520906,0
41059520920,0
41059520994,0
41059520935,0
41059520982,0
41059520999,0
41059520993,0
41059520980,0
41059520958,0
41059520959,0
41059520972,0
41059521003,0
41059520987,0
41059520981,0
41059521004,0
41059520928,0
41059521005,0
41059521005,0
41059520949,0
41059520993,0
41059520961,0
41059520936,0
41059520940,0
41059520986,0
41059520958,0
41059520996,0
41059520941,0
41059520963,0
41059520975,0
41059520927,0
41059520976,0
41059521002,0
41059520966,0
41059520942,0
41059520990,0
41059520990,0
41059520997,0
41059520997,0
41059520997,0
41059520997,0
41059520989,0
41059521006,0
41059521006,0
41059521006,0
41059521007,0
41059521007,0
41059520944,0
41059520953,0
41059521000,0
41059520968,0
41059520980,0
41059520967,0
41059520984,0
41059520998,0
41059520932,0
41059520992,0
41059520973,0
41059520991,0
41059521001,0
41059521001,0
41059521001,0
41059521001,0
41059520960,0
41059520978,0
41059520965,0
41059520934,0
41059521005,0
41059520959,0
41059520987,0
41059520981,0
41059520972,0
41059521004,0
41059520928,0
41059521003,0
41059520997,0
41059521006,0
41059521007,0
41059520967,0
41059520991,0
41059521001,0
41059520968,0
41059520935,0
41059521008,0
41059520920,0
41059520994,0
41059520982,0
41059521005,0
41059520996,0
41059520940,0
41059520936,0
41059520986,0
41059520976,0
41059520966,0
41059520990,0
41059521006,0
41059520997,0
41059520953,0
41059520984,0
41059521001,0
41059520960,0
41059520949,0
41059520961,0
41059520927,0
41059520963,0
41059521002,0
41059520990,0
41059520997,0
41059520989,0
41059521000,0
41059520998,0
41059520992,0
41059521001,0
41059520978,0
41059520952,0
41059520993,0
41059520958,0
41059520941,0
41059520942,0
41059520975,0
41059521006,0
41059520997,0
41059521007,0
41059520980,0
41059520932,0
41059520973,0
41059521001,0
41059520934,0
41059520965,0
41059521005,0
41059520959,0
41059520987,0
41059520981,0
41059520972,0
41059521003,0
41059521004,0
41059520928,0
41059521006,0
41059520997,0
41059521007,0
41059520967,0
41059520991,0
41059521001,0
41059520968,0
41059520935,0
41059521008,0
41059520920,0
41059520994,0
41059520982,0
41059521005,0
41059520996,0
41059520940,0
41059520936,0
41059520986,0
41059520976,0
41059520966,0
41059520997,0
41059521006,0
41059521007,0
41059520953,0
41059520984,0
41059521001,0
41059520960,0
41059520949,0
41059520961,0
41059520963,0
41059520927,0
41059521002,0
41059520990,0
41059520997,0
41059520989,0
41059521000,0
41059520998,0
41059520992,0
41059521001,0
41059520978,0
41059520952,0
41059520993,0
41059520958,0
41059520941,0
41059520975,0
41059520942,0
41059521006,0
41059520997,0
41059521007,0
41059520980,0
41059520932,0
41059520973,0
41059521001,0
41059520934,0
41059520965,0
41059521005,0
41059520959,0
41059520987,0
41059520981,0
41059520972,0
41059521004,0
41059520928,0
41059521003,0
41059521006,0
41059520997,0
41059521007,0
41059520967,0
41059520991,0
41059521001,0
41059520968,0
41059520935,0
41059521008,0
41059520920,0
41059520994,0
41059520982,0
41059521005,0
41059520996,0
41059520940,0
41059520936,0
41059520986,0
41059520976,0
41059520966,0
41059521006,0
41059520997,0
41059521007,0
41059520953,0
41059520984,0
41059521001,0
41059520960,0
41059520949,0
41059520961,0
41059520963,0
41059521009,0
41059521002,0
41059520990,0
41059520997,0
41059520989,0
41059520944,0
41059521000,0
41059520998,0
41059520992,0
41059521001,0
41059520978,0
41059520993,0
41059520958,0
41059520980,0
41059521005,0
41059520959,0
41059520987,0
41059520972,0
41059521003,0
41059521004,0
41059520981,0
41059520928,0
41059521005,0
41059521008,0
41059520920,0
41059520994,0
41059520935,0
41059520982,0
41059520996,0
41059520986,0
41059520940,0
41059520936,0
41059520949,0
41059520961,0
41059520993,0
41059520958,0
41059520980,0
41059521005,0
41059520959,0
41059520987,0
41059520972,0
41059521003,0
41059521004,0
41059520981,0
41059521010,0
41059521008,0
41059520920,0
41059520994,0
41059520935,0
41059520982,0
41059520936,0
41059520996,0
41059520940,0
41059520986,0
41059521011,0
41059521011,0
41059520949,0
41059520959,0
41059520987,0
41059520972,0
41059520993,0
41059521003,0
41059521004,0
41059520981,0
41059520961,0
41059521010,0
41059520941,0
41059520963,0
41059520958,0
41059520975,0
41059521009,0
41059520976,0
41059521002,0
41059520966,0
41059520942,0
41059521012,0
41059521012,0
41059521012,0
41059521012,0
41059521007,0
41059521007,0
41059521007,0
41059521007,0
41059521006,0
41059521006,0
41059521006,0
41059521006,0
41059520750,0
41059520944,0
41059520953,0
41059521000,0
41059520968,0
41059520980,0
41059520967,0
41059520984,0
41059520998,0
41059521013,0
41059520992,0
41059520973,0
41059520991,0
41059521001,0
41059521001,0
41059521001,0
41059521001,0
41059520960,0
41059520978,0
41059520965,0
41059520934,0
41059521011,0
41059520996,0
41059520940,0
41059520936,0
41059520986,0
41059520976,0
41059520966,0
41059521006,0
41059521012,0
41059521007,0
41059520953,0
41059520984,0
41059521001,0
41059520960,0
41059520952,0
41059521011,0
41059520949,0
41059520961,0
41059520963,0
41059521009,0
41059521002,0
41059521006,0
41059521012,0
41059521007,0
41059521000,0
41059520998,0
41059520992,0
41059521001,0
41059520978,0
41059520993,0
41059520941,0
41059520958,0
41059520975,0
41059520942,0
41059521006,0
41059521012,0
41059521007,0
41059520980,0
41059521013,0
41059520973,0
41059521001,0
41059520965,0
41059521014,0
41059520968,0
41059520935,0
41059521008,0
41059520920,0
41059520994,0
41059520982,0
41059520952,0
41059520972,0
41059520959,0
41059520981,0
41059520987,0
41059521004,0
41059521010,0
41059521003,0
41059521006,0
41059521012,0
41059521007,0
41059520967,0
41059520991,0
41059521001,0
41059521011,0
41059520996,0
41059520940,0
41059520936,0
41059520986,0
41059520976,0
41059520966,0
41059521012,0
41059521007,0
41059521006,0
41059520953,0
41059520984,0
41059521001,0
41059520960,0
41059521011,0
41059520949,0
41059520961,0
41059520963,0
41059521009,0
41059521002,0
41059521006,0
41059521012,0
41059521007,0
41059521000,0
41059520998,0
41059520992,0
41059521001,0
41059520952,0
41059520978,0
41059520993,0
41059520941,0
41059520958,0
41059520975,0
41059520942,0
41059521006,0
41059521012,0
41059521007,0
41059520980,0
41059521013,0
41059520973,0
41059521001,0
41059521014,0
41059520965,0
41059520968,0
41059520935,0
41059521008,0
41059520920,0
41059520994,0
41059520982,0
41059520972,0
41059520981,0
41059520959,0
41059520987,0
41059521004,0
41059521010,0
41059521003,0
41059521006,0
41059521012,0
41059521007,0
41059520967,0
41059520991,0
41059521001,0
41059521011,0
41059520996,0
41059520940,0
41059520936,0
41059520986,0
41059520976,0
41059520966,0
41059521006,0
41059521012,0
41059521007,0
41059520953,0
41059520984,0
41059521001,0
41059520960,0
41059521011,0
41059520949,0
41059520961,0
41059520963,0
41059521009,0
41059521002,0
41059521006,0
41059521012,0
41059521007,0
41059521000,0
41059520998,0
41059520992,0
41059521001,0
41059520978,0
41059520952,0
41059520993,0
41059520941,0
41059520958,0
41059520975,0
41059520942,0
41059521006,0
41059521012,0
41059521007,0
10980916468,1
41059520980,0
41059521013,0
41059520973,0
41059521001,0
41059521014,0
41059520965,0
41059520968,0
41059520935,0
41059521008,0
41059520920,0
41059520994,0
41059520982,0
41059520972,0
41059520959,0
41059520981,0
41059520987,0
41059521004,0
41059521010,0
41059521003,0
41059521011,0
41059520936,0
41059520996,0
41059520940,0
41059520986,0
41059521011,0
41059520949,0
41059520961,0
41059520993,0
41059520958,0
41059520980,0
41059521008,0
41059521015,0
41059520994,0
41059520935,0
41059520982,0
41059520959,0
41059520972,0
41059521004,0
41059521003,0
41059520987,0
41059521010,0
41059520981,0
41059521011,0
41059520936,0
41059520940,0
41059520986,0
41059520996,0
41059520949,0
41059520961,0
41059521016,0
41059521017,0
41059520959,0
41059520972,0
41059520993,0
41059521003,0
41059521004,0
41059520987,0
41059520940,0
41059520958,0
41059521010,0
41059520986,0
41059521018,0
41059520981,0
41059520996,0
41059521019,0
41059520963,0
41059520975,0
41059521009,0
41059520976,0
41059521002,0
41059520966,0
41059521020,0
41059521012,0
41059521012,0
41059521012,0
41059521012,0
41059521007,0
41059521007,0
41059521007,0
41059521007,0
41059521006,0
41059521006,0
41059521006,0
41059521006,0
41059521021,0
41059520953,0
41059521000,0
41059520968,0
41059520980,0
41059520967,0
41059520984,0
41059520998,0
41059521013,0
41059520992,0
41059520973,0
41059520991,0
41059521001,0
41059521001,0
41059521022,0
41059521022,0
41059520960,0
41059520978,0
41059520952,0
41059520965,0
41059521014,0
41059521017,0
41059520949,0
41059520961,0
41059520963,0
41059521009,0
41059521002,0
41059521012,0
41059521007,0
41059521006,0
41059521000,0
41059520998,0
41059520992,0
41059521022,0
41059520978,0
41059520968,0
41059520935,0
41059521008,0
41059521015,0
41059520994,0
41059520982,0
41059520952,0
41059521017,0
41059520993,0
41059520958,0
41059521019,0
41059520975,0
41059521020,0
41059521012,0
41059521007,0
41059521006,0
41059520980,0
41059521013,0
41059520973,0
41059521001,0
41059521014,0
41059520965,0
41059520972,0
41059520959,0
41059520987,0
41059521004,0
41059521003,0
41059520981,0
41059521010,0
41059521012,0
41059521007,0
41059521006,0
41059520967,0
41059520991,0
41059521001,0
41059521023,0
41059521018,0
41059520996,0
41059520986,0
41059520976,0
41059520966,0
41059521012,0
41059521007,0
41059521006,0
41059520953,0
41059520984,0
41059521022,0
41059520960,0
41059521017,0
41059520949,0
41059520961,0
41059520963,0
41059521009,0
41059521002,0
41059521012,0
41059521007,0
41059521006,0
41059521000,0
41059520998,0
41059520992,0
41059521022,0
41059520952,0
41059520978,0
41059520968,0
41059520935,0
41059521008,0
41059521015,0
41059520994,0
41059520982,0
41059521017,0
41059520993,0
41059520958,0
41059521019,0
41059520975,0
41059521020,0
41059521012,0
41059521007,0
41059521006,0
41059520980,0
41059521013,0
41059520973,0
41059521001,0
41059521014,0
41059520965,0
41059520972,0
41059520981,0
41059520959,0
41059520987,0
41059521004,0
41059521010,0
41059521003,0
41059521012,0
41059521007,0
41059521006,0
41059520967,0
41059520991,0
41059521001,0
41059521023,0
41059521018,0
41059520996,0
41059520986,0
41059520976,0
41059520966,0
41059521012,0
41059521007,0
41059521006,0
41059520953,0
41059520984,0
41059521022,0
41059520960,0
41059521017,0
41059520949,0
41059520961,0
41059520963,0
41059521009,0
41059521002,0
41059521012,0
41059521007,0
41059521006,0
41059521000,0
41059520998,0
41059520992,0
41059521022,0
41059520978,0
41059520968,0
41059520935,0
41059521008,0
41059521015,0
41059520994,0
41059520982,0
41059520952,0
41059521017,0
41059520993,0
41059520958,0
41059521019,0
41059520975,0
41059521020,0
41059521012,0
41059521007,0
41059521006,0
41059520980,0
41059521013,0
41059520973,0
41059521001,0
41059521014,0
41059520965,0
41059520972,0
41059520981,0
41059520959,0
41059520987,0
41059521003,0
41059521004,0
41059521010,0
41059521012,0
41059521007,0
41059521006,0
41059520967,0
41059520991,0
41059521001,0
41059521023,0
41059521018,0
41059520996,0
41059520986,0
41059520976,0
41059520966,0
41059521012,0
41059521007,0
41059521006,0
41059520953,0
41059520984,0
41059521022,0
41059520960,0
41059521017,0
41059520949,0
41059520961,0
41059521008,0
41059521015,0
41059520994,0
41059520935,0
41059520982,0
41059521017,0
41059520993,0
41059520958,0
41059520980,0
41059520959,0
41059520972,0
41059521003,0
41059521004,0
41059520987,0
41059520981,0
41059521010,0
41059521023,0
41059521018,0
41059520986,0
41059520996,0
41059521017,0
41059520949,0
41059520961,0
41059521008,0
41059521015,0
41059520994,0
41059520935,0
41059520982,0
41059520993,0
41059520958,0
41059520980,0
41059521024,0
41059521024,0
10980916480,1
41059520949,0
41059520959,0
41059520972,0
41059521004,0
41059521003,0
41059521023,0
41059520987,0
41059520961,0
41059521018,0
41059521010,0
41059520986,0
41059520981,0
41059520996,0
41059521019,0
41059520963,0
41059520975,0
41059521009,0
41059521002,0
41059520966,0
41059521020,0
41059520976,0
41059521012,0
41059521012,0
41059521012,0
41059521012,0
41059521007,0
41059521007,0
41059521006,0
41059521025,0
41059521025,0
41059521025,0
41059521026,0
41059521026,0
41059521021,0
41059520953,0
41059520968,0
41059521000,0
41059520967,0
41059520984,0
41059520998,0
41059521013,0
41059520992,0
41059520973,0
41059520991,0
41059521022,0
41059521022,0
41059521022,0
41059521022,0
41059520960,0
41059520978,0
10980916416,1
41059521027,0
41059520965,0
41059521014,0
41059521024,0
41059520993,0
41059520958,0
41059521019,0
41059520975,0
41059521020,0
41059521012,0
41059521025,0
41059521026,0
41059520980,0
41059521013,0
41059520973,0
41059521022,0
41059521014,0
41059520965,0
41059521024,0
41059520972,0
41059520959,0
41059520987,0
41059520981,0
41059521004,0
41059521003,0
41059521010,0
41059521012,0
41059521007,0
41059521025,0
41059520967,0
41059520991,0
41059521022,0
41059521023,0
41059521018,0
41059520996,0
41059520986,0
41059520976,0
41059520966,0
41059521012,0
41059521007,0
41059521006,0
41059520953,0
41059520968,0
41059520935,0
41059521008,0
41059521015,0
41059520994,0
41059520982,0
41059520984,0
41059521022,0
41059520960,0
41059521028,0
41059520961,0
41059520963,0
41059521009,0
41059521002,0
41059521012,0
41059521025,0
41059521026,0
41059521000,0
41059520998,0
41059520992,0
41059521022,0
10980916416,1
41059520978,0
41059521027,0
41059521024,0
10980916480,1
41059520993,0
41059521019,0
41059520958,0
41059520975,0
41059521020,0
41059521012,0
41059521025,0
41059521026,0
41059520980,0
41059521013,0
41059520973,0
41059521022,0
41059521014,0
41059520965,0
41059521024,0
41059520972,0
41059520959,0
41059520981,0
41059520987,0
41059521004,0
41059521010,0
41059521003,0
41059521012,0
41059521007,0
41059521025,0
41059520967,0
41059520991,0
41059521022,0
41059521023,0
41059521018,0
41059520996,0
41059520986,0
41059520976,0
41059520966,0
41059521012,0
41059521007,0
41059521006,0
41059520953,0
41059520968,0
41059520935,0
41059521008,0
41059521015,0
41059520994,0
41059520982,0
41059520984,0
41059521022,0
41059520960,0
41059521028,0
41059520961,0
41059520963,0
41059521009,0
41059521002,0
41059521012,0
41059521025,0
41059521026,0
41059521000,0
41059520998,0
41059520992,0
41059521022,0
41059521027,0
41059520978,0
41059521024,0
41059520993,0
41059520958,0
41059521019,0
41059520975,0
41059521020,0
41059521012,0
41059521025,0
41059521026,0
10980916468,1
41059520980,0
41059521013,0
41059520973,0
41059521022,0
41059521014,0
41059520965,0
41059521024,0
41059520972,0
41059520959,0
41059520987,0
41059520981,0
41059521003,0
41059521004,0
41059521010,0
41059521012,0
41059521026,0
41059521025,0
41059520967,0
41059520991,0
41059521022,0
41059521023,0
41059521018,0
41059520996,0
41059520986,0
41059520976,0
41059520966,0
41059521012,0
41059521007,0
41059521006,0
41059521029,0
41059520968,0
41059521030,0
41059521008,0
41059521015,0
41059520994,0
41059520982,0
41059520984,0
41059521022,0
41059520960,0
41059521028,0
41059520961,0
41059520963,0
41059521009,0
41059521002,0
41059521012,0
41059521026,0
41059521025,0
41059521000,0
41059520998,0
41059520992,0
41059521022,0
41059520978,0
41059521024,0
41059520993,0
41059520958,0
41059520980,0
41059521024,0
10980916480,1
41059520959,0
41059520972,0
41059521003,0
41059521004,0
41059520987,0
41059520981,0
41059521010,0
41059521023,0
41059521018,0
41059520986,0
41059520996,0
41059521008,0
41059521015,0
41059520994,0
41059521030,0
41059520982,0
41059521028,0
41059520961,0
41059521024,0
41059520993,0
41059520958,0
41059520980,0
41059520959,0
41059520972,0
41059521003,0
41059521004,0
41059520987,0
41059521010,0
41059520981,0
41059521031,0
41059521031,0
41059521028,0
41059520993,0
41059521023,0
41059520961,0
41059521018,0
41059520986,0
41059520958,0
41059520996,0
41059521019,0
41059520963,0
41059520975,0
41059521009,0
41059521002,0
41059520966,0
41059521020,0
41059520976,0
41059521012,0
41059521026,0
41059521026,0
41059521026,0
41059521026,0
41059521025,0
41059521025,0
41059521025,0
41059521025,0
41059521032,0
41059521032,0
41059521032,0
41059521021,0
41059521029,0
41059520968,0
41059521000,0
41059520980,0
41059520967,0
41059520984,0
41059520998,0
41059521013,0
41059520992,0
41059520973,0
41059520991,0
41059521022,0
41059521022,0
41059521022,0
41059521022,0
41059520960,0
41059520978,0
41059520965,0
41059521014,0
41059520968,0
41059521030,0
41059521008,0
41059521015,0
41059520994,0
41059520982,0
41059521031,0
41059520959,0
41059520972,0
41059520981,0
41059520987,0
41059521004,0
41059521010,0
41059521003,0
41059521025,0
41059521026,0
41059521032,0
41059520967,0
41059520991,0
41059521022,0
41059521027,0
41059521031,0
41059521023,0
41059521018,0
41059520996,0
41059520986,0
41059520976,0
41059520966,0
41059521025,0
41059521026,0
41059521032,0
41059521029,0
41059520984,0
41059521022,0
41059520960,0
41059521028,0
41059520961,0
41059520963,0
41059521009,0
41059521002,0
41059521025,0
41059521032,0
41059521026,0
10980916386,1
41059521000,0
41059520998,0
41059520992,0
41059521022,0
41059520978,0
41059521027,0
41059521033,0
41059520993,0
41059521019,0
41059520975,0
41059521020,0
41059521025,0
41059521032,0
41059521026,0
41059520980,0
41059521013,0
41059520973,0
41059521022,0
41059521014,0
41059520965,0
41059520968,0
41059521030,0
41059521008,0
41059521015,0
41059520994,0
41059520982,0
41059521031,0
41059520972,0
41059521034,0
41059520987,0
41059521003,0
41059521004,0
41059520981,0
41059521010,0
41059521026,0
41059521032,0
41059521025,0
41059520967,0
41059520991,0
41059521022,0
41059521031,0
41059521023,0
41059521018,0
41059520996,0
41059520986,0
41059520976,0
41059520966,0
41059521032,0
41059521026,0
41059521025,0
41059521029,0
41059520984,0
41059521022,0
41059521035,0
41059521028,0
41059520961,0
41059520963,0
41059521009,0
41059521002,0
41059521026,0
41059521032,0
41059521025,0
41059521000,0
41059520998,0
41059520992,0
41059521022,0
41059521027,0
41059520978,0
41059520993,0
41059521019,0
41059521033,0
41059520975,0
41059521020,0
41059521032,0
41059521026,0
41059521025,0
41059520980,0
41059521013,0
41059520973,0
41059521022,0
41059521014,0
41059520965,0
41059520968,0
41059521030,0
41059521008,0
41059521015,0
41059520994,0
41059520982,0
41059521031,0
41059520972,0
41059520981,0
41059521034,0
41059520987,0
41059521004,0
41059521010,0
41059521003,0
41059521032,0
41059521025,0
41059521026,0
41059520967,0
41059520991,0
41059521022,0
41059521031,0
41059521023,0
41059521018,0
41059520996,0
41059520986,0
41059520976,0
41059520966,0
41059521026,0
41059521032,0
41059521025,0
41059521029,0
41059520984,0
41059521022,0
41059521035,0
41059521028,0
10980916388,1
41059521036,0
41059520963,0
41059521009,0
41059521002,0
41059521026,0
41059521032,0
41059521025,0
41059521000,0
41059520998,0
41059520992,0
41059521022,0
41059520978,0
41059521027,0
41059520993,0
41059521033,0
41059521019,0
41059520975,0
41059521020,0
41059521026,0
41059521032,0
41059521025,0
41059520980,0
41059521013,0
41059520973,0
41059521022,0
41059521014,0
41059520965,0
41059521008,0
41059521015,0
41059520994,0
41059521030,0
41059521031,0
41059520982,0
41059521034,0
41059520972,0
41059521004,0
41059520987,0
41059520981,0
41059521003,0
41059521010,0
41059521031,0
41059521023,0
41059521018,0
41059520996,0
41059520986,0
41059521028,0
41059521036,0
41059520993,0
41059521033,0
41059520980,0
41059521008,0
41059521031,0
41059521015,0
41059520994,0
41059521030,0
41059520982,0
41059521034,0
41059520972,0
41059521004,0
41059520987,0
41059520981,0
41059521003,0
41059521010,0
41059521023,0
41059521018,0
41059520986,0
41059520996,0
41059521037,0
41059521037,0
41059521028,0
41059521034,0
41059520972,0
41059520993,0
41059521003,0
41059521004,0
41059520981,0
41059520987,0
41059521010,0
41059521036,0
41059521019,0
41059521033,0
41059521038,0
41059520975,0
41059521009,0
41059521002,0
41059520966,0
41059521020,0
41059520976,0
41059521026,0
41059521026,0
41059521026,0
41059521032,0
41059521032,0
41059521032,0
41059521025,0
41059521025,0
41059521025,0
41059521025,0
41059521032,0
41059521026,0
41059521021,0
41059521029,0
41059521000,0
41059520968,0
41059520980,0
41059520967,0
41059520984,0
41059520998,0
41059521013,0
41059520992,0
41059520973,0
41059520991,0
41059521022,0
41059521022,0
41059521039,0
41059521039,0
41059521035,0
41059520978,0
41059521027,0
41059520965,0
41059521014,0
41059521037,0
41059520986,0
41059521023,0
41059521018,0
41059520996,0
10980916388,1
41059520966,0
41059520976,0
41059521026,0
41059521032,0
41059521025,0
41059521029,0
41059520984,0
41059521039,0
41059521035,0
41059521037,0
41059521028,0
41059521036,0
41059521038,0
41059521009,0
41059521002,0
41059521026,0
41059521032,0
41059521025,0
41059521000,0
41059520998,0
41059520992,0
41059521022,0
41059520978,0
41059521027,0
41059520968,0
41059521030,0
41059521008,0
41059521015,0
41059520994,0
41059520982,0
41059520993,0
41059521033,0
41059521019,0
41059520975,0
41059521020,0
41059521026,0
41059521032,0
41059521025,0
41059520980,0
41059521013,0
41059520973,0
41059521022,0
41059521014,0
41059521040,0
41059520972,0
41059521034,0
41059520987,0
41059521003,0
41059521004,0
41059520981,0
41059521010,0
41059521032,0
41059521026,0
41059521025,0
41059520967,0
41059520991,0
41059521039,0
41059521037,0
41059521023,0
41059521018,0
41059520996,0
41059520986,0
41059520976,0
41059521041,0
41059521026,0
41059521032,0
41059521025,0
41059521029,0
41059520984,0
41059521039,0
41059521035,0
41059521037,0
41059521028,0
41059521036,0
41059521038,0
41059521009,0
41059521002,0
41059521026,0
41059521032,0
41059521025,0
41059521000,0
41059520998,0
41059520992,0
41059521022,0
41059521027,0
41059520978,0
41059520968,0
41059521030,0
41059521008,0
41059521015,0
41059520994,0
41059520982,0
41059521033,0
41059520993,0
41059521019,0
41059520975,0
41059521020,0
41059521026,0
41059521032,0
41059521025,0
41059520980,0
41059521013,0
41059520973,0
41059521022,0
41059521014,0
41059521040,0
10980916468,1
41059520972,0
41059520981,0
41059521034,0
41059520987,0
41059521004,0
41059521010,0
41059521003,0
41059521026,0
41059521032,0
41059521025,0
41059520967,0
41059520991,0
41059521039,0
41059521042,0
41059521023,0
41059521018,0
41059520996,0
41059520986,0
10980916388,1
41059521041,0
41059520976,0
41059521026,0
41059521032,0
41059521025,0
41059521029,0
41059520984,0
41059521039,0
41059521035,0
41059521037,0
41059521028,0
10980916388,1
41059521036,0
41059521038,0
41059521009,0
41059521002,0
41059521032,0
41059521026,0
41059521025,0
41059521000,0
41059520998,0
41059520992,0
41059521022,0
41059520978,0
41059521027,0
41059520968,0
41059521030,0
41059521008,0
41059521015,0
41059520994,0
41059520982,0
41059520993,0
41059521019,0
41059521033,0
41059520975,0
41059521020,0
41059521032,0
41059521026,0
41059521025,0
41059520980,0
41059521013,0
41059520973,0
41059521022,0
41059521014,0
41059521040,0
68179699956,1
41059520972,0
41059521034,0
41059520981,0
41059520987,0
41059521004,0
41059521010,0
41059521003,0
41059521032,0
41059521026,0
41059521025,0
41059521043,0
41059520991,0
41059521039,0
41059521042,0
41059521023,0
41059521018,0
41059520986,0
41059520996,0
41059521037,0
41059521028,0
41059521036,0
41059521008,0
41059521015,0
41059520994,0
41059521030,0
41059520982,0
41059520993,0
41059520980,0
41059521033,0
41059521034,0
41059520972,0
41059521003,0
41059521004,0
41059520987,0
41059520981,0
41059521010,0
41059521042,0
41059521023,0
41059521018,0
41059520996,0
41059520986,0
41059521028,0
41059521036,0
41059521044,0
41059521044,0
41059521034,0
41059520972,0
41059521004,0
41059520993,0
41059521003,0
41059521023,0
41059521018,0
41059520981,0
41059520987,0
41059521010,0
41059520986,0
41059520996,0
41059521019,0
41059521033,0
41059521038,0
41059520975,0
41059521009,0
41059521002,0
41059521041,0
41059521020,0
41059520976,0
41059521032,0
41059521032,0
41059521032,0
41059521032,0
41059521026,0
41059521026,0
41059521025,0
41059521025,0
41059521045,0
41059521045,0
41059521046,0
41059521046,0
41059521021,0
41059521029,0
41059521000,0
41059520968,0
41059521030,0
41059521008,0
41059521015,0
41059520994,0
41059520980,0
41059520982,0
41059521043,0
41059520984,0
41059520998,0
41059521013,0
41059520992,0
41059520973,0
41059520991,0
41059521039,0
41059521039,0
41059521039,0
41059521039,0
41059521035,0
41059520978,0
41059521027,0
41059521040,0
41059521014,0
41059521044,0
41059521028,0
41059521036,0
41059521002,0
41059521038,0
41059521009,0
41059521032,0
41059521045,0
41059521046,0
41059521000,0
41059520998,0
41059520992,0
41059521039,0
41059520978,0
41059521027,0
41059521044,0
41059520993,0
41059521033,0
41059521019,0
41059521020,0
41059520975,0
41059521026,0
41059521032,0
41059521046,0
41059520980,0
41059521013,0
41059520973,0
41059521039,0
41059521014,0
41059521040,0
41059520972,0
41059521034,0
41059520987,0
41059520981,0
41059521004,0
41059521003,0
41059521010,0
41059521026,0
41059521032,0
41059521025,0
41059521043,0
41059520991,0
41059521039,0
41059521023,0
41059521018,0
41059520996,0
41059520986,0
41059520976,0
41059521041,0
41059521032,0
41059521046,0
41059521045,0
41059521029,0
41059520984,0
41059521039,0
41059521035,0
41059520968,0
41059521030,0
41059521008,0
41059521015,0
41059520994,0
41059520982,0
41059521044,0
41059521028,0
41059521036,0
41059521038,0
41059521002,0
41059521009,0
41059521032,0
41059521046,0
41059521045,0
41059521000,0
41059520998,0
41059520992,0
41059521039,0
41059521027,0
41059520978,0
41059521044,0
41059520993,0
41059521033,0
41059521019,0
41059520975,0
41059521020,0
41059521026,0
41059521032,0
41059521046,0
41059520980,0
41059521013,0
41059520973,0
41059521039,0
41059521014,0
41059521040,0
41059521034,0
41059520987,0
41059520981,0
41059521047,0
41059521010,0
41059521003,0
41059521004,0
41059521026,0
41059521032,0
41059521025,0
41059521043,0
41059520991,0
41059521039,0
41059521023,0
41059521018,0
41059520996,0
41059520986,0
41059520976,0
41059521041,0
41059521032,0
41059521046,0
41059521045,0
41059521029,0
41059520984,0
41059521039,0
41059521035,0
41059520968,0
41059521030,0
41059521008,0
41059521015,0
41059520994,0
41059520982,0
41059521044,0
41059521028,0
10980916388,1
41059521036,0
10980916396,1
41059521002,0
41059521038,0
41059521009,0
41059521032,0
41059521046,0
41059521045,0
41059521000,0
41059520998,0
41059520992,0
41059521039,0
41059520978,0
41059521027,0
41059521044,0
41059520993,0
41059521033,0
41059521019,0
41059520975,0
41059521020,0
41059521026,0
41059521032,0
41059521046,0
41059520980,0
41059521013,0
41059521048,0
41059521039,0
41059521014,0
41059521040,0
41059521034,0
41059520987,0
41059521047,0
41059520981,0
41059521003,0
41059521004,0
41059521010,0
41059521026,0
41059521032,0
41059521025,0
41059521043,0
41059520991,0
41059521039,0
41059521023,0
41059521018,0
41059520996,0
41059520986,0
41059520976,0
41059521041,0
41059521032,0
41059521046,0
41059521045,0
41059521029,0
41059520984,0
41059521039,0
41059521035,0
41059520968,0
41059521030,0
41059521008,0
41059521015,0
41059520994,0
41059520982,0
41059521044,0
41059521028,0
41059521036,0
41059521044,0
41059520993,0
41059520980,0
41059521033,0
41059521034,0
41059521047,0
41059521003,0
41059521004,0
41059520987,0
41059520981,0
41059521010,0
41059521023,0
41059521018,0
41059520996,0
41059520986,0
41059521008,0
41059521015,0
41059520994,0
41059521030,0
41059520982,0
41059521044,0
41059521028,0
41059521036,0
41059520993,0
41059521033,0
41059520980,0
41059521049,0
41059521049,0
41059521028,0
41059521034,0
41059521047,0
41059521003,0
41059521023,0
41059521004,0
41059520981,0
41059520987,0
41059521036,0
41059520986,0
41059521010,0
41059521018,0
41059520996,0
41059521019,0
41059521038,0
41059521002,0
41059520975,0
41059521009,0
41059521050,0
41059521041,0
41059521020,0
41059521032,0
41059521045,0
41059521045,0
41059521045,0
41059521045,0
41059521046,0
41059521046,0
41059521046,0
41059521046,0
41059521051,0
41059521051,0
41059521051,0
41059521021,0
41059521029,0
41059521000,0
41059520968,0
41059521043,0
41059520984,0
41059520998,0
41059521013,0
41059520992,0
41059521048,0
41059520991,0
41059521039,0
41059521039,0
41059521039,0
41059521039,0
10980916416,1
41059521035,0
41059521052,0
41059521027,0
41059521040,0
41059521014,0
41059521049,0
41059520993,0
41059521033,0
41059521019,0
41059521053,0
41059521020,0
41059521045,0
41059521046,0
41059521051,0
41059520980,0
41059521013,0
41059521048,0
41059521039,0
41059521014,0
41059521040,0
41059521049,0
41059521034,0
41059520987,0
41059520981,0
41059521047,0
41059521003,0
41059521004,0
41059521010,0
41059521045,0
41059521046,0
41059521051,0
41059520968,0
41059521030,0
41059521008,0
41059521015,0
41059520994,0
41059520982,0
41059521043,0
41059520991,0
41059521039,0
41059521023,0
41059521018,0
41059520996,0
41059520986,0
41059521050,0
41059521041,0
41059521032,0
41059521045,0
41059521046,0
41059521029,0
41059520984,0
41059521039,0
41059521035,0
41059521028,0
41059521036,0
41059521002,0
41059521038,0
41059521009,0
41059521045,0
41059521046,0
41059521051,0
41059521000,0
41059520998,0
41059520992,0
41059521039,0
41059521052,0
41059521027,0
41059521049,0
41059520993,0
41059521019,0
41059521033,0
41059521053,0
41059521020,0
41059521045,0
41059521046,0
41059521051,0
41059521054,0
41059521013,0
41059521048,0
41059521039,0
41059521014,0
41059521040,0
41059521049,0
41059521034,0
41059520987,0
41059520981,0
41059521047,0
41059521003,0
41059521004,0
41059521010,0
41059521045,0
41059521046,0
41059521051,0
41059520968,0
41059521030,0
41059521008,0
41059521015,0
41059520994,0
41059520982,0
41059521043,0
41059520991,0
41059521039,0
41059521023,0
41059521018,0
41059520996,0
41059520986,0
41059521050,0
41059521041,0
41059521051,0
41059521045,0
41059521046,0
41059521029,0
41059520984,0
41059521039,0
41059521035,0
41059521028,0
41059521036,0
41059521002,0
41059521038,0
41059521009,0
41059521045,0
41059521051,0
41059521046,0
41059521000,0
41059520998,0
41059520992,0
41059521039,0
41059521027,0
41059521052,0
41059521049,0
41059520993,0
41059521019,0
41059521033,0
41059521053,0
41059521020,0
41059521051,0
41059521045,0
41059521046,0
41059521054,0
41059521013,0
41059521048,0
41059521039,0
41059521014,0
41059521040,0
41059521049,0
41059521034,0
41059520987,0
41059521047,0
41059521004,0
41059520981,0
41059521010,0
41059521003,0
41059521051,0
41059521045,0
41059521046,0
41059521055,0
41059521030,0
41059521008,0
41059521015,0
41059520994,0
41059520982,0
41059521043,0
41059520991,0
41059521039,0
41059521023,0
41059521018,0
41059520996,0
41059520986,0
41059521050,0
41059521041,0
41059521051,0
41059521045,0
41059521046,0
41059521029,0
41059520984,0
41059521039,0
41059521035,0
41059521028,0
41059521036,0
41059521038,0
41059521009,0
41059521002,0
68179700014,1
41059521051,0
41059521045,0
41059521046,0
41059521000,0
41059520998,0
41059520992,0
41059521039,0
41059521052,0
41059521049,0
41059520993,0
41059521054,0
41059521033,0
41059521049,0
41059521034,0
41059520987,0
41059521047,0
41059521003,0
41059521004,0
41059521010,0
41059521056,0
41059521008,0
41059521015,0
41059520994,0
41059521030,0
41059520982,0
41059521023,0
41059521018,0
41059520996,0
41059520986,0
41059521028,0
41059521036,0
41059521049,0
41059520993,0
41059521033,0
41059521054,0
41059521034,0
41059520987,0
41059521047,0
41059521004,0
41059521003,0
41059521010,0
41059521056,0
41059521008,0
41059521015,0
41059520994,0
41059521030,0
41059520982,0
41059521057,0
41059521057,0
41059521028,0
41059520993,0
41059521023,0
41059521036,0
41059521018,0
41059520996,0
41059520986,0
41059521033,0
41059521019,0
41059521038,0
41059521009,0
41059521053,0
41059521002,0
41059521041,0
41059521020,0
41059521050,0
41059521051,0
41059521051,0
41059521051,0
41059521045,0
41059521045,0
41059521045,0
41059521046,0
41059521046,0
41059521046,0
41059521051,0
41059521045,0
41059521046,0
41059521021,0
41059521029,0
41059521000,0
41059521055,0
41059521054,0
41059521043,0
41059520984,0
41059520998,0
41059521013,0
41059520992,0
41059521048,0
41059520991,0
41059521039,0
41059521039,0
41059521039,0
41059521058,0
41059521035,0
41059521052,0
41059521027,0
41059521014,0
41059521040,0
41059521057,0
41059521034,0
41059520987,0
41059521047,0
41059521004,0
41059521056,0
41059521010,0
41059521003,0
41059521051,0
41059521045,0
41059521046,0
41059521043,0
41059520991,0
41059521058,0
41059521057,0
41059521023,0
41059521018,0
41059520996,0
41059520986,0
41059521050,0
41059521041,0
41059521051,0
41059521045,0
41059521046,0
41059521029,0
41059521059,0
41059521039,0
41059521035,0
41059521028,0
41059521036,0
41059521038,0
41059521009,0
41059521002,0
41059521051,0
41059521045,0
41059521046,0
41059521000,0
41059520998,0
41059520992,0
41059521039,0
41059521052,0
41059521055,0
41059521030,0
41059521008,0
41059521015,0
41059520994,0
41059520982,0
41059520993,0
41059521033,0
41059521019,0
41059521053,0
41059521020,0
41059521051,0
41059521045,0
41059521046,0
41059521054,0
41059521013,0
41059521048,0
41059521058,0
41059521014,0
41059521040,0
41059521027,0
41059521057,0
10980916385,1
41059521034,0
41059520987,0
41059521047,0
41059521056,0
41059521010,0
41059521004,0
41059521003,0
41059521051,0
41059521045,0
41059521046,0
41059521043,0
41059520991,0
41059521058,0
41059521057,0
41059521023,0
41059521018,0
41059520996,0
41059521060,0
41059521050,0
41059521041,0
41059521051,0
41059521045,0
41059521046,0
41059521029,0
41059521059,0
41059521039,0
41059521035,0
41059521028,0
41059521036,0
41059521038,0
41059521009,0
41059521002,0
41059521051,0
41059521045,0
41059521046,0
41059521000,0
41059520998,0
41059520992,0
41059521039,0
41059521052,0
41059521027,0
41059521055,0
41059521030,0
41059521008,0
41059521015,0
41059520994,0
41059520982,0
68179699935,1
41059520993,0
41059521019,0
41059521033,0
41059521053,0
41059521020,0
41059521051,0
41059521045,0
41059521046,0
41059521054,0
41059521013,0
41059521048,0
41059521058,0
41059521014,0
41059521040,0
41059521057,0
41059521034,0
41059520987,0
41059521047,0
41059521003,0
41059521004,0
41059521056,0
41059521010,0
41059521051,0
41059521045,0
41059521046,0
41059521043,0
41059520991,0
41059521058,0
41059521057,0
41059521023,0
41059521018,0
41059520996,0
41059521060,0
41059521041,0
41059521050,0
41059521051,0
41059521045,0
41059521046,0
41059521029,0
41059521059,0
41059521039,0
41059521035,0
41059521028,0
41059521036,0
41059521038,0
41059521009,0
41059521002,0
41059521051,0
41059521045,0
41059521046,0
41059521000,0
41059520998,0
41059520992,0
41059521039,0
41059521052,0
41059521027,0
41059521055,0
41059521030,0
41059521008,0
41059521015,0
41059520994,0
41059520982,0
41059520993,0
41059521033,0
41059521019,0
41059521053,0
41059521020,0
41059521051,0
41059521045,0
41059521046,0
41059521054,0
10980916478,1
41059521013,0
41059521048,0
41059521058,0
41059521014,0
41059521040,0
41059521057,0
41059521034,0
41059520987,0
41059521047,0
41059521003,0
41059521004,0
41059521056,0
41059521010,0
41059521057,0
41059521023,0
41059521018,0
41059520996,0
41059521060,0
41059521028,0
41059521036,0
41059521008,0
41059521015,0
41059520994,0
41059521030,0
41059520982,0
41059520993,0
41059521033,0
41059521054,0
41059521057,0
41059521034,0
41059521047,0
41059521003,0
41059521004,0
41059521056,0
41059521061,0
41059521010,0
41059521023,0
41059521018,0
41059520996,0
41059521060,0
41059521062,0
41059521062,0
41059521028,0
41059521047,0
41059520993,0
41059521003,0
41059521004,0
41059521056,0
41059521034,0
41059521061,0
41059521036,0
41059521010,0
41059521019,0
41059521033,0
41059521038,0
41059521053,0
41059521009,0
41059521002,0
41059521041,0
41059521020,0
41059521050,0
41059521051,0
41059521051,0
41059521051,0
41059521051,0
41059521045,0
41059521045,0
41059521046,0
41059521046,0
41059521063,0
41059521063,0
41059521064,0
41059521064,0
41059521021,0
41059521029,0
41059521000,0
41059521055,0
41059521054,0
41059521043,0
41059521059,0
41059520998,0
41059521013,0
41059520992,0
41059521048,0
41059521065,0
41059521058,0
41059521058,0
41059521058,0
41059521058,0
41059521035,0
41059521052,0
41059521027,0
41059521040,0
41059521014,0
41059521062,0
41059521023,0
41059521018,0
41059520996,0
41059521060,0
41059521050,0
41059521041,0
41059521051,0
41059521063,0
41059521064,0
41059521029,0
41059521059,0
41059521058,0
41059521035,0
41059521055,0
41059521030,0
41059521008,0
41059521015,0
41059520994,0
41059520982,0
41059521062,0
68179700031,0
41059521028,0
68179700063,1
41059521036,0
41059521038,0
41059521009,0
41059521002,0
41059521051,0
41059521045,0
41059521046,0
41059521000,0
41059520998,0
41059520992,0
41059521058,0
41059521052,0
41059521027,0
10980916386,1
41059520993,0
41059521019,0
41059521033,0
41059521053,0
41059521020,0
41059521051,0
41059521045,0
41059521046,0
41059521054,0
41059521013,0
41059521048,0
41059521058,0
41059521014,0
41059521040,0
41059521034,0
41059521056,0
41059521061,0
41059521047,0
41059521004,0
41059521010,0
41059521003,0
41059521063,0
41059521051,0
41059521064,0
41059521043,0
41059521065,0
41059521058,0
41059521062,0
41059521023,0
41059521018,0
41059520996,0
41059521060,0
41059521050,0
41059521041,0
41059521063,0
41059521051,0
41059521064,0
41059521029,0
41059521059,0
41059521058,0
41059521035,0
41059521055,0
41059521030,0
41059521008,0
41059521015,0
41059520994,0
41059520982,0
41059521062,0
41059521028,0
41059521036,0
41059521038,0
41059521009,0
41059521002,0
41059521051,0
41059521045,0
41059521064,0
41059521000,0
41059520998,0
41059521066,0
41059521058,0
41059521052,0
41059521027,0
41059521033,0
41059521067,0
41059521019,0
41059521053,0
41059521020,0
41059521051,0
41059521045,0
41059521046,0
41059521054,0
41059521013,0
41059521048,0
41059521058,0
41059521014,0
41059521040,0
41059521034,0
41059521061,0
41059521056,0
41059521047,0
41059521003,0
41059521004,0
41059521010,0
41059521063,0
41059521051,0
41059521064,0
41059521043,0
41059521065,0
41059521058,0
41059521062,0
41059521023,0
41059521018,0
41059520996,0
41059521060,0
41059521041,0
41059521050,0
41059521051,0
41059521063,0
41059521064,0
41059521029,0
41059521059,0
41059521058,0
41059521035,0
41059521055,0
41059521030,0
41059521008,0
41059521015,0
41059520994,0
41059520982,0
41059521062,0
41059521028,0
41059521036,0
41059521038,0
41059521009,0
41059521002,0
41059521051,0
41059521045,0
41059521064,0
41059521000,0
41059520998,0
41059521066,0
41059521058,0
41059521052,0
41059521027,0
41059521067,0
41059521033,0
41059521019,0
41059521053,0
41059521020,0
41059521051,0
41059521045,0
41059521046,0
41059521054,0
41059521013,0
41059521048,0
41059521058,0
41059521014,0
41059521040,0
41059521056,0
41059521034,0
41059521061,0
41059521047,0
41059521003,0
41059521004,0
41059521010,0
41059521063,0
41059521051,0
41059521064,0
41059521043,0
41059521065,0
41059521058,0
41059521062,0
41059521023,0
41059521018,0
41059520996,0
41059521060,0
10980916420,1
41059521008,0
41059521015,0
41059520994,0
41059521030,0
41059521068,0
41059521062,0
41059521028,0
41059521036,0
41059521067,0
41059521054,0
41059521033,0
41059521034,0
41059521047,0
41059521003,0
41059521004,0
41059521061,0
41059521056,0
41059521010,0
41059521062,0
41059521023,0
41059521018,0
41059520996,0
41059521060,0
41059521008,0
41059521015,0
41059520994,0
41059521030,0
41059521068,0
41059521028,0
41059521036,0
41059521069,0
41059521069,0
41059521034,0
41059521047,0
41059521004,0
41059521067,0
41059521003,0
41059521023,0
41059521018,0
41059521056,0
41059521061,0
41059520996,0
41059521010,0
41059521060,0
41059521019,0
41059521033,0
41059521038,0
41059521053,0
41059521009,0
41059521002,0
41059521041,0
41059521020,0
41059521050,0
41059521051,0
41059521063,0
41059521063,0
41059521064,0
41059521064,0
41059521070,0
68179699995,1
41059521070,0
41059521070,0
41059521063,0
41059521064,0
41059521064,0
41059521063,0
68179700014,1
41059521021,0
41059521029,0
41059521000,0
41059521055,0
41059521054,0
41059521043,0
41059521059,0
41059520998,0
41059521013,0
41059521066,0
41059521048,0
41059521065,0
41059521058,0
41059521058,0
41059521058,0
41059521058,0
41059521035,0
41059521052,0
41059521027,0
41059521014,0
41059521040,0
41059521069,0
41059521028,0
41059521036,0
41059521009,0
41059521038,0
41059521002,0
41059521063,0
41059521064,0
41059521070,0
68179700014,1
41059521000,0
41059520998,0
41059521066,0
41059521058,0
41059521052,0
41059521027,0
41059521069,0
41059521067,0
41059521033,0
41059521019,0
41059521053,0
41059521020,0
41059521063,0
41059521064,0
41059521070,0
41059521054,0
41059521013,0
41059521048,0
41059521058,0
41059521040,0
41059521014,0
41059521034,0
41059521061,0
41059521047,0
41059521004,0
41059521056,0
41059521010,0
41059521003,0
41059521063,0
41059521051,0
41059521064,0
41059521043,0
41059521065,0
41059521058,0
41059521055,0
41059521030,0
41059521008,0
41059521015,0
41059520994,0
41059521068,0
41059521023,0
41059521018,0
41059521071,0
41059521060,0
41059521041,0
41059521050,0
41059521063,0
41059521064,0
41059521070,0
68179700110,1
41059521029,0
41059521059,0
41059521058,0
41059521035,0
41059521069,0
41059521028,0
10980916420,1
41059521036,0
41059521009,0
41059521038,0
41059521002,0
41059521063,0
41059521064,0
41059521070,0
10980916394,1
41059521000,0
41059520998,0
41059521066,0
41059521058,0
41059521027,0
41059521052,0
41059521069,0
41059521067,0
41059521019,0
41059521033,0
41059521053,0
41059521020,0
41059521063,0
41059521064,0
41059521070,0
41059521054,0
41059521013,0
41059521048,0
41059521058,0
41059521014,0
41059521040,0
41059521034,0
41059521061,0
41059521056,0
41059521003,0
41059521010,0
41059521004,0
41059521047,0
41059521063,0
41059521051,0
41059521064,0
41059521043,0
41059521065,0
41059521058,0
41059521055,0
41059521030,0
41059521008,0
41059521015,0
41059520994,0
41059521068,0
41059521023,0
41059521018,0
41059521071,0
41059521060,0
41059521050,0
41059521041,0
41059521063,0
41059521070,0
41059521064,0
41059521029,0
68179699972,0
41059521059,0
41059521058,0
41059521035,0
41059521069,0
41059521028,0
68179700100,1
41059521036,0
41059521009,0
41059521038,0
41059521002,0
41059521063,0
41059521064,0
41059521070,0
10980916394,1
41059521000,0
41059520998,0
41059521066,0
41059521058,0
41059521027,0
41059521052,0
41059521069,0
41059521067,0
41059521019,0
41059521033,0
41059521053,0
41059521020,0
41059521063,0
41059521064,0
41059521070,0
41059521054,0
41059521013,0
41059521048,0
41059521058,0
41059521014,0
41059521040,0
41059521034,0
41059521056,0
41059521061,0
41059521047,0
41059521004,0
41059521010,0
41059521003,0
41059521063,0
41059521070,0
41059521064,0
41059521043,0
41059521065,0
41059521058,0
41059521055,0
41059521030,0
41059521008,0
41059521015,0
41059520994,0
41059521068,0
41059521023,0
41059521018,0
41059521071,0
41059521060,0
10980916420,1
41059521050,0
41059521041,0
41059521070,0
41059521063,0
41059521064,0
41059521029,0
41059521059,0
41059521058,0
41059521035,0
41059521069,0
41059521028,0
10980916420,1
41059521036,0
41059521069,0
41059521067,0
41059521033,0
41059521054,0
41059521034,0
41059521047,0
41059521003,0
41059521004,0
41059521061,0
41059521056,0
41059521010,0
41059521008,0
41059521015,0
41059520994,0
41059521030,0
41059521068,0
41059521023,0
41059521018,0
41059521071,0
41059521060,0
10980916388,1
41059521069,0
41059521028,0
41059521036,0
41059521067,0
41059521033,0
41059521054,0
41059521072,0
41059521072,0
41059521028,0
41059521034,0
41059521047,0
41059521004,0
41059521003,0
41059521023,0
41059521061,0
41059521056,0
41059521036,0
41059521018,0
41059521060,0
41059521010,0
41059521071,0
41059521019,0
41059521038,0
41059521053,0
41059521009,0
41059521002,0
41059521041,0
41059521020,0
41059521050,0
41059521063,0
41059521063,0
41059521063,0
41059521063,0
41059521070,0
41059521070,0
41059521070,0
41059521070,0
41059521064,0
41059521064,0
41059521064,0
41059521064,0
68179699982,1
41059521021,0
41059521029,0
41059521055,0
41059521073,0
41059521043,0
41059521059,0
41059521074,0
41059521013,0
41059521066,0
41059521048,0
41059521065,0
41059521058,0
41059521058,0
41059521058,0
41059521075,0
41059521035,0
41059521052,0
41059521014,0
41059521040,0
41059521072,0
41059521067,0
41059521019,0
41059521033,0
41059521053,0
41059521020,0
41059521063,0
41059521070,0
41059521064,0
41059521055,0
41059521030,0
41059521008,0
41059521015,0
41059520994,0
41059521054,0
41059521068,0
41059521013,0
41059521048,0
41059521058,0
41059521027,0
41059521014,0
41059521040,0
41059521072,0
41059521034,0
41059521056,0
41059521061,0
41059521047,0
41059521003,0
41059521004,0
41059521010,0
41059521063,0
41059521070,0
41059521064,0
41059521043,0
41059521065,0
41059521058,0
41059521023,0
41059521018,0
41059521071,0
41059521060,0
41059521050,0
41059521041,0
41059521063,0
41059521070,0
41059521064,0
68179700014,1
41059521029,0
41059521059,0
41059521058,0
41059521035,0
68179699982,0
68179700014,1
41059521028,0
41059521036,0
41059521009,0
41059521038,0
41059521002,0
41059521063,0
41059521070,0
41059521064,0
68179699982,1
41059521073,0
41059521074,0
41059521066,0
41059521075,0
41059521027,0
41059521052,0
41059521072,0
41059521067,0
41059521033,0
41059521019,0
41059521053,0
41059521020,0
41059521063,0
41059521070,0
41059521064,0
41059521055,0
41059521030,0
41059521008,0
41059521015,0
41059520994,0
41059521054,0
41059521068,0
41059521013,0
41059521048,0
41059521075,0
41059521014,0
41059521040,0
41059521072,0
68179700048,0
68179699952,1
41059521034,0
41059521056,0
41059521061,0
41059521047,0
41059521004,0
41059521010,0
41059521003,0
41059521063,0
41059521070,0
41059521064,0
41059521043,0
41059521065,0
41059521058,0
41059521023,0
41059521018,0
41059521071,0
41059521060,0
10980916388,1
41059521050,0
41059521041,0
41059521063,0
41059521070,0
41059521064,0
41059521029,0
41059521059,0
41059521058,0
41059521035,0
68179699982,0
68179700014,1
41059521028,0
10980916388,1
41059521036,0
41059521009,0
41059521038,0
68179700110,1
41059521076,0
41059521063,0
41059521070,0
41059521064,0
41059521073,0
41059521074,0
41059521066,0
41059521075,0
41059521027,0
41059521052,0
41059521072,0
41059521067,0
41059521019,0
41059521033,0
41059521053,0
41059521020,0
41059521063,0
41059521070,0
41059521064,0
41059521055,0
41059521030,0
41059521008,0
41059521015,0
41059520994,0
41059521054,0
41059521068,0
41059521013,0
41059521048,0
10980916396,1
41059521075,0
41059521014,0
41059521040,0
10980916437,1
41059521072,0
68179700048,0
68179699952,1
41059521034,0
41059521061,0
41059521056,0
41059521047,0
41059521003,0
41059521004,0
41059521010,0
41059521063,0
41059521070,0
41059521064,0
41059521043,0
41059521065,0
41059521058,0
41059521023,0
41059521018,0
41059521071,0
41059521060,0
10980916420,1
41059521050,0
41059521041,0
41059521063,0
41059521070,0
41059521064,0
41059521029,0
41059521059,0
41059521058,0
41059521035,0
41059521028,0
41059521036,0
41059521009,0
41059521038,0
41059521076,0
68179700110,1
10980916468,1
41059521063,0
41059521070,0
41059521064,0
41059521073,0
41059521074,0
41059521066,0
41059521075,0
41059521027,0
41059521052,0
41059521072,0
41059521067,0
41059521033,0
41059521054,0
41059521008,0
41059521015,0
41059520994,0
41059521030,0
41059521068,0
41059521072,0
41059521034,0
41059521047,0
41059521003,0
41059521004,0
41059521061,0
41059521056,0
41059521010,0
10980916480,1
41059521023,0
41059521018,0
41059521060,0
41059521071,0
10980916388,1
41059521028,0
41059521036,0
41059521072,0
41059521067,0
41059521033,0
41059521054,0
41059521008,0
41059521015,0
41059521077,0
41059521030,0
41059521068,0
41059521034,0
41059521047,0
41059521004,0
41059521061,0
41059521056,0
41059521078,0
41059521010,0
68179699936,1
41059521079,0
41059521080,0
41059521028,0
41059521067,0
41059521023,0
41059521036,0
41059521018,0
41059521060,0
41059521071,0
41059521033,0
41059521019,0
41059521038,0
41059521053,0
41059521009,0
41059521076,0
41059521041,0
41059521020,0
41059521050,0
41059521070,0
41059521070,0
41059521070,0
41059521063,0
41059521063,0
41059521064,0
41059521064,0
68179700052,1
41059521063,0
41059521070,0
41059521081,0
41059521081,0
41059521082,0
41059521021,0
41059521029,0
41059521073,0
41059521055,0
41059521054,0
41059521043,0
41059521059,0
41059521074,0
41059521013,0
41059521066,0
41059521048,0
41059521065,0
41059521075,0
41059521075,0
41059521075,0
41059521075,0
41059521035,0
41059521052,0
41059521014,0
41059521040,0
41059521027,0
41059521080,0
41059521034,0
41059521061,0
41059521056,0
41059521047,0
41059521010,0
41059521083,0
41059521078,0
68179699936,1
41059521070,0
41059521082,0
41059521081,0
41059521043,0
41059521065,0
41059521075,0
41059521079,0
41059521023,0
68179699956,0
41059521018,0
41059521071,0
41059521060,0
68179700052,1
41059521050,0
41059521041,0
41059521070,0
41059521063,0
41059521064,0
41059521029,0
41059521059,0
41059521075,0
41059521035,0
41059521055,0
41059521030,0
41059521008,0
41059521015,0
41059521077,0
41059521068,0
41059521028,0
41059521036,0
41059521038,0
41059521009,0
41059521076,0
41059521063,0
41059521070,0
41059521064,0
41059521073,0
41059521074,0
41059521066,0
41059521075,0
41059521027,0
41059521052,0
41059521067,0
41059521033,0
41059521019,0
41059521053,0
41059521020,0
41059521070,0
41059521082,0
41059521081,0
41059521054,0
41059521013,0
41059521048,0
41059521075,0
41059521014,0
41059521040,0
41059521080,0
41059521034,0
41059521061,0
41059521056,0
41059521047,0
41059521083,0
41059521010,0
41059521078,0
41059521070,0
41059521082,0
41059521081,0
41059521043,0
41059521065,0
41059521075,0
41059521079,0
41059521023,0
41059521018,0
41059521071,0
41059521060,0
41059521041,0
41059521050,0
41059521063,0
41059521070,0
41059521064,0
41059521029,0
41059521059,0
41059521075,0
41059521035,0
41059521055,0
41059521030,0
41059521008,0
41059521015,0
41059521077,0
41059521068,0
41059521028,0
41059521036,0
41059521009,0
41059521038,0
41059521076,0
41059521063,0
41059521070,0
41059521064,0
41059521073,0
41059521074,0
41059521066,0
41059521075,0
41059521027,0
41059521052,0
41059521067,0
41059521019,0
41059521033,0
41059521053,0
41059521020,0
41059521070,0
41059521082,0
41059521081,0
41059521054,0
41059521013,0
41059521048,0
41059521075,0
41059521014,0
41059521040,0
41059521080,0
41059521034,0
41059521061,0
41059521056,0
41059521047,0
41059521078,0
41059521083,0
41059521010,0
68179699936,1
41059521070,0
41059521082,0
41059521081,0
41059521043,0
41059521065,0
41059521075,0
41059521080,0
41059521023,0
41059521018,0
41059521071,0
41059521060,0
41059521050,0
41059521041,0
41059521063,0
41059521070,0
41059521081,0
41059521029,0
41059521059,0
41059521075,0
41059521035,0
41059521055,0
41059521030,0
41059521008,0
41059521015,0
41059521077,0
41059521068,0
10980916396,1
41059521028,0
41059521036,0
41059521009,0
41059521038,0
41059521076,0
41059521063,0
41059521070,0
41059521064,0
10980916468,1
41059521073,0
41059521074,0
41059521066,0
41059521075,0
41059521052,0
41059521027,0
41059521067,0
41059521033,0
41059521019,0
41059521053,0
41059521020,0
41059521070,0
41059521081,0
41059521082,0
41059521054,0
41059521013,0
41059521048,0
41059521075,0
41059521014,0
41059521040,0
41059521080,0
41059521034,0
41059521047,0
41059521078,0
41059521083,0
41059521061,0
41059521056,0
41059521010,0
41059521080,0
41059521023,0
41059521018,0
41059521060,0
41059521071,0
41059521008,0
41059521015,0
41059521077,0
41059521030,0
41059521068,0
41059521028,0
10980916396,1
41059521036,0
41059521067,0
41059521033,0
41059521054,0
41059521080,0
41059521034,0
41059521047,0
41059521078,0
41059521083,0
41059521061,0
41059521056,0
41059521010,0
10980916480,1
41059521023,0
41059521018,0
41059521060,0
41059521071,0
41059521084,0
41059521084,0
41059521028,0
41059521034,0
41059521047,0
41059521067,0
41059521078,0
41059521083,0
41059521056,0
41059521061,0
41059521036,0
41059521085,0
41059521019,0
41059521033,0
68179699995,1
41059521038,0
41059521053,0
41059521086,0
41059521076,0
41059521041,0
41059521020,0
41059521050,0
41059521070,0
41059521082,0
41059521082,0
41059521082,0
41059521082,0
41059521081,0
41059521081,0
41059521081,0
41059521081,0
41059521087,0
41059521087,0
41059521087,0
41059521021,0
41059521029,0
68179700063,0
41059521055,0
41059521073,0
41059521054,0
41059521043,0
41059521059,0
41059521074,0
41059521013,0
41059521066,0
41059521048,0
41059521065,0
41059521075,0
41059521075,0
41059521075,0
41059521075,0
41059521035,0
41059521052,0
41059521055,0
41059521030,0
41059521008,0
41059521015,0
41059521077,0
41059521068,0
41059521027,0
41059521014,0
10980916396,1
41059521040,0
41059521084,0
41059521023,0
41059521018,0
41059521071,0
41059521060,0
41059521050,0
41059521041,0
41059521082,0
41059521081,0
41059521087,0
41059521029,0
41059521059,0
41059521075,0
41059521035,0
41059521084,0
41059521028,0
41059521036,0
41059521038,0
41059521086,0
41059521076,0
41059521082,0
41059521081,0
41059521087,0
41059521073,0
41059521074,0
41059521066,0
41059521075,0
41059521027,0
41059521052,0
41059521067,0
41059521019,0
41059521033,0
41059521053,0
41059521020,0
41059521070,0
41059521082,0
41059521081,0
41059521054,0
41059521088,0
41059521048,0
41059521075,0
41059521014,0
41059521040,0
41059521034,0
41059521056,0
41059521061,0
41059521047,0
41059521083,0
41059521085,0
41059521078,0
41059521082,0
41059521081,0
41059521087,0
41059521043,0
41059521065,0
41059521075,0
41059521055,0
41059521030,0
41059521008,0
41059521015,0
41059521077,0
41059521068,0
41059521084,0
41059521023,0
41059521018,0
41059521071,0
41059521060,0
41059521041,0
41059521050,0
41059521082,0
41059521081,0
41059521087,0
41059521029,0
41059521059,0
41059521075,0
41059521035,0
41059521084,0
41059521028,0
41059521036,0
41059521038,0
41059521086,0
41059521076,0
41059521082,0
41059521081,0
41059521087,0
68179699935,1
41059521073,0
41059521074,0
41059521066,0
41059521075,0
41059521027,0
41059521052,0
41059521067,0
41059521019,0
41059521033,0
41059521053,0
41059521020,0
41059521070,0
41059521082,0
41059521081,0
41059521054,0
41059521088,0
41059521048,0
41059521075,0
41059521089,0
41059521040,0
41059521034,0
41059521047,0
41059521061,0
41059521056,0
41059521078,0
41059521083,0
41059521085,0
41059521082,0
41059521081,0
41059521087,0
41059521043,0
41059521065,0
41059521075,0
41059521055,0
41059521030,0
41059521008,0
41059521015,0
41059521077,0
41059521068,0
41059521084,0
41059521023,0
41059521018,0
41059521071,0
41059521060,0
41059521041,0
41059521050,0
41059521082,0
41059521081,0
41059521087,0
41059521029,0
41059521059,0
41059521075,0
41059521035,0
41059521084,0
41059521028,0
41059521036,0
10980916428,1
41059521038,0
41059521086,0
41059521076,0
41059521082,0
41059521081,0
41059521087,0
68179700063,1
41059521073,0
41059521074,0
41059521066,0
41059521075,0
41059521027,0
41059521052,0
41059521067,0
41059521033,0
41059521019,0
41059521053,0
41059521020,0
41059521070,0
41059521082,0
41059521081,0
41059521054,0
41059521088,0
41059521048,0
41059521075,0
41059521089,0
41059521040,0
10980916480,1
68179699952,1
41059521034,0
41059521047,0
41059521056,0
41059521061,0
41059521078,0
41059521083,0
41059521085,0
10980916480,1
41059521008,0
41059521015,0
41059521077,0
41059521030,0
41059521068,0
41059521084,0
41059521023,0
41059521018,0
41059521060,0
41059521071,0
41059521084,0
41059521028,0
41059521036,0
10980916428,1
41059521067,0
41059521033,0
41059521054,0
41059521034,0
41059521047,0
41059521083,0
41059521078,0
41059521056,0
41059521061,0
41059521085,0
10980916480,1
41059521008,0
41059521015,0
41059521077,0
41059521030,0
41059521068,0
41059521084,0
41059521023,0
41059521018,0
41059521071,0
41059521060,0
10980916383,1
41059521028,0
41059521036,0
68179700078,0
41059521090,0
41059521090,0
68179700014,1
41059521034,0
41059521047,0
41059521067,0
41059521078,0
41059521083,0
41059521061,0
41059521018,0
41059521023,0
41059521060,0
41059521085,0
41059521056,0
41059521071,0
41059521091,0
41059521033,0
41059521050,0
41059521038,0
41059521041,0
41059521092,0
41059521053,0
41059521086,0
41059521076,0
41059521087,0
41059521087,0
41059521082,0
41059521081,0
10980916430,1
10980916478,1
41059521082,0
41059521082,0
41059521081,0
41059521081,0
41059521087,0
41059521087,0
41059521082,0
41059521081,0
68179700063,1
41059521029,0
41059521073,0
41059521055,0
68179700063,1
41059521054,0
41059521043,0
41059521059,0
41059521074,0
41059521088,0
41059521066,0
41059521048,0
41059521065,0
41059521075,0
41059521075,0
41059521075,0
41059521093,0
41059521035,0
41059521052,0
41059521089,0
41059521040,0
68179699952,1
41059521027,0
41059521090,0
41059521028,0
41059521036,0
41059521038,0
41059521086,0
41059521076,0
41059521087,0
41059521082,0
41059521081,0
68179700062,1
41059521073,0
41059521074,0
41059521066,0
41059521075,0
41059521027,0
41059521052,0
41059521090,0
41059521067,0
41059521033,0
41059521091,0
41059521053,0
41059521092,0
41059521087,0
41059521082,0
41059521081,0
41059521054,0
41059521088,0
41059521048,0
41059521075,0
41059521089,0
41059521040,0
68179699952,1
41059521055,0
41059521030,0
41059521094,0
41059521015,0
41059521077,0
41059521068,0
68179699935,1
41059521034,0
41059521047,0
41059521061,0
41059521056,0
41059521078,0
41059521083,0
41059521085,0
41059521087,0
41059521082,0
41059521081,0
41059521043,0
41059521065,0
41059521075,0
41059521023,0
41059521071,0
41059521095,0
41059521060,0
41059521050,0
41059521041,0
41059521087,0
41059521082,0
41059521081,0
41059521029,0
41059521059,0
41059521093,0
41059521035,0
41059521090,0
41059521028,0
41059521036,0
41059521038,0
41059521086,0
41059521076,0
10980916478,1
41059521087,0
41059521082,0
41059521081,0
68179700159,1
41059521073,0
41059521074,0
41059521066,0
41059521075,0
41059521027,0
41059521052,0
10980916467,1
41059521090,0
41059521067,0
41059521033,0
41059521091,0
41059521053,0
41059521092,0
10980916388,1
41059521087,0
41059521082,0
41059521081,0
68179699935,1
41059521054,0
41059521088,0
41059521048,0
41059521075,0
41059521089,0
41059521040,0
68179699952,1
41059521055,0
41059521030,0
41059521094,0
41059521015,0
41059521077,0
41059521068,0
41059521034,0
41059521047,0
41059521061,0
41059521056,0
41059521078,0
41059521083,0
41059521085,0
41059521087,0
41059521082,0
41059521081,0
41059521043,0
41059521065,0
41059521075,0
41059521096,0
41059521095,0
41059521071,0
41059521060,0
10980916388,1
41059521050,0
41059521041,0
41059521087,0
41059521082,0
41059521081,0
41059521029,0
41059521059,0
41059521093,0
41059521035,0
41059521090,0
41059521028,0
41059521036,0
41059521038,0
41059521086,0
41059521076,0
41059521087,0
41059521082,0
41059521081,0
68179700063,1
41059521073,0
41059521074,0
41059521066,0
41059521093,0
41059521027,0
41059521052,0
41059521090,0
41059521067,0
41059521033,0
41059521091,0
41059521053,0
41059521092,0
41059521087,0
41059521082,0
41059521081,0
68179699935,1
41059521054,0
41059521088,0
41059521048,0
41059521075,0
41059521089,0
41059521040,0
10980916480,1
68179699984,1
41059521055,0
41059521030,0
41059521094,0
41059521015,0
41059521077,0
41059521068,0
41059521034,0
41059521047,0
41059521056,0
41059521061,0
41059521083,0
41059521085,0
41059521078,0
10980916394,1
10980916416,1
41059521087,0
41059521082,0
41059521081,0
41059521043,0
41059521065,0
41059521075,0
41059521096,0
41059521095,0
41059521060,0
41059521071,0
41059521090,0
41059521028,0
41059521036,0
41059521090,0
41059521067,0
41059521033,0
41059521054,0
41059521094,0
41059521015,0
41059521077,0
41059521030,0
41059521068,0
41059521034,0
41059521047,0
41059521078,0
41059521083,0
41059521061,0
41059521085,0
41059521056,0
41059521096,0
41059521095,0
41059521071,0
41059521060,0
41059521090,0
41059521028,0
41059521036,0
41059521067,0
41059521033,0
41059521054,0
41059521094,0
41059521015,0
41059521077,0
41059521030,0
41059521068,0
41059521097,0
41059521097,0
41059521028,0
41059521034,0
41059521047,0
41059521078,0
41059521096,0
41059521083,0
41059521056,0
41059521061,0
41059521036,0
41059521095,0
41059521060,0
41059521085,0
41059521071,0
41059521091,0
41059521050,0
41059521038,0
41059521041,0
41059521053,0
41059521086,0
41059521076,0
41059521092,0
41059521087,0
41059521087,0
41059521087,0
41059521087,0
41059521082,0
41059521082,0
41059521082,0
41059521081,0
41059521081,0
41059521098,0
41059521098,0
41059521099,0
10980916388,1
68179700042,1
41059521029,0
41059521073,0
41059521055,0
41059521043,0
41059521059,0
41059521074,0
41059521088,0
41059521066,0
41059521048,0
41059521065,0
41059521093,0
41059521093,0
41059521093,0
41059521093,0
41059521035,0
41059521052,0
41059521089,0
41059521040,0
41059521100,0
41059521097,0
41059521067,0
41059521091,0
41059521033,0
41059521053,0
41059521092,0
41059521087,0
41059521082,0
41059521098,0
41059521054,0
41059521088,0
41059521048,0
41059521093,0
41059521089,0
41059521040,0
41059521097,0
41059521034,0
41059521056,0
41059521061,0
41059521047,0
41059521078,0
41059521085,0
41059521083,0
41059521087,0
41059521082,0
41059521081,0
41059521043,0
41059521065,0
41059521093,0
41059521096,0
41059521095,0
41059521071,0
41059521060,0
41059521050,0
41059521041,0
41059521087,0
41059521082,0
41059521081,0
41059521029,0
41059521059,0
41059521093,0
41059521035,0
41059521028,0
41059521036,0
41059521038,0
41059521086,0
41059521076,0
41059521087,0
41059521098,0
41059521099,0
41059521073,0
41059521055,0
41059521030,0
41059521094,0
41059521015,0
41059521077,0
41059521068,0
68179699935,1
41059521074,0
41059521066,0
41059521093,0
41059521052,0
41059521100,0
41059521097,0
41059521067,0
41059521033,0
41059521091,0
10980916395,1
41059521053,0
41059521092,0
41059521087,0
41059521098,0
41059521099,0
41059521054,0
41059521088,0
41059521048,0
41059521093,0
41059521089,0
41059521040,0
41059521097,0
41059521034,0
41059521061,0
41059521056,0
41059521047,0
41059521078,0
41059521083,0
41059521085,0
41059521087,0
41059521082,0
41059521081,0
41059521043,0
41059521065,0
41059521093,0
41059521096,0
41059521095,0
41059521071,0
41059521060,0
41059521050,0
41059521041,0
41059521087,0
41059521082,0
41059521081,0
41059521029,0
41059521059,0
41059521093,0
41059521035,0
41059521101,0
41059521036,0
41059521038,0
41059521086,0
41059521076,0
41059521087,0
41059521098,0
41059521099,0
68179700014,1
10980916383,1
41059521073,0
41059521055,0
41059521030,0
41059521094,0
41059521015,0
41059521077,0
41059521068,0
41059521074,0
41059521066,0
41059521093,0
41059521052,0
41059521100,0
10980916396,1
41059521097,0
41059521033,0
41059521067,0
41059521091,0
10980916395,1
41059521053,0
41059521092,0
41059521087,0
41059521098,0
41059521099,0
41059521054,0
41059521088,0
41059521048,0
41059521093,0
41059521089,0
41059521040,0
41059521097,0
41059521034,0
41059521047,0
41059521056,0
41059521061,0
41059521083,0
41059521085,0
41059521078,0
10980916407,1
41059521087,0
41059521082,0
41059521081,0
41059521043,0
41059521065,0
41059521093,0
10980916371,1
41059521096,0
41059521095,0
41059521071,0
41059521060,0
68179700132,1
41059521050,0
41059521041,0
41059521087,0
41059521082,0
41059521081,0
41059521029,0
41059521059,0
41059521093,0
41059521035,0
41059521101,0
41059521036,0
41059521094,0
41059521015,0
41059521077,0
41059521030,0
41059521068,0
41059521038,0
41059521086,0
41059521076,0
41059521087,0
41059521099,0
41059521098,0
10980916383,1
68179700014,1
41059521073,0
41059521055,0
41059521074,0
41059521066,0
41059521093,0
41059521052,0
41059521097,0
41059521067,0
41059521033,0
41059521054,0
41059521097,0
41059521034,0
41059521047,0
41059521083,0
41059521078,0
41059521056,0
41059521061,0
41059521085,0
10980916394,1
41059521096,0
41059521095,0
41059521071,0
41059521060,0
68179699951,1
41059521101,0
41059521036,0
41059521094,0
41059521102,0
41059521077,0
41059521030,0
41059521068,0
41059521103,0
41059521067,0
41059521033,0
41059521054,0
41059521034,0
41059521047,0
41059521078,0
41059521083,0
41059521061,0
41059521056,0
41059521085,0
10980916394,1
41059521104,0
41059521104,0
41059521101,0
41059521096,0
41059521036,0
41059521095,0
41059521067,0
41059521060,0
41059521071,0
41059521033,0
41059521091,0
41059521050,0
41059521038,0
41059521041,0
41059521092,0
41059521053,0
41059521086,0
41059521076,0
10980916388,1
41059521098,0
41059521098,0
41059521098,0
41059521098,0
41059521087,0
41059521099,0
41059521099,0
41059521099,0
41059521099,0
41059521105,0
41059521105,0
41059521105,0
68179700042,1
68179700042,1
68179700042,1
41059521106,0
41059521073,0
41059521055,0
41059521054,0
41059521043,0
41059521059,0
41059521074,0
41059521088,0
41059521066,0
41059521048,0
41059521065,0
41059521093,0
41059521093,0
41059521093,0
41059521093,0
41059521035,0
41059521089,0
41059521040,0
41059521052,0
41059521100,0
41059521104,0
41059521047,0
41059521034,0
41059521061,0
41059521056,0
41059521078,0
41059521083,0
41059521085,0
10980916407,1
41059521098,0
41059521099,0
41059521105,0
41059521043,0
41059521065,0
41059521093,0
41059521055,0
41059521030,0
41059521094,0
41059521102,0
41059521077,0
41059521068,0
41059521104,0
41059521096,0
41059521095,0
41059521071,0
41059521060,0
10980916388,1
41059521050,0
41059521041,0
41059521098,0
41059521099,0
41059521105,0
68179699915,1
41059521106,0
41059521059,0
41059521093,0
41059521035,0
41059521101,0
41059521036,0
41059521038,0
41059521086,0
41059521076,0
41059521087,0
41059521098,0
41059521099,0
68179699915,1
41059521073,0
41059521074,0
41059521066,0
41059521093,0
41059521052,0
41059521100,0
68179699954,1
41059521067,0
41059521033,0
41059521091,0
41059521053,0
41059521092,0
41059521098,0
41059521099,0
41059521105,0
41059521054,0
41059521088,0
41059521048,0
41059521093,0
41059521089,0
41059521040,0
41059521104,0
41059521047,0
41059521056,0
41059521034,0
41059521061,0
41059521083,0
41059521085,0
41059521078,0
41059521098,0
41059521099,0
41059521105,0
41059521043,0
41059521065,0
41059521093,0
41059521055,0
41059521030,0
41059521094,0
41059521102,0
41059521077,0
41059521068,0
10980916396,1
41059521104,0
41059521096,0
41059521095,0
41059521071,0
41059521060,0
10980916388,1
41059521050,0
41059521041,0
41059521098,0
41059521099,0
41059521105,0
41059521106,0
41059521059,0
41059521093,0
41059521035,0
41059521101,0
41059521036,0
41059521038,0
41059521086,0
41059521076,0
41059521087,0
41059521098,0
41059521099,0
68179699935,1
41059521073,0
41059521074,0
41059521066,0
41059521093,0
41059521052,0
41059521100,0
41059521067,0
41059521107,0
41059521091,0
41059521053,0
41059521092,0
41059521098,0
41059521099,0
41059521105,0
10980916420,1
41059521054,0
41059521088,0
41059521048,0
41059521093,0
41059521089,0
41059521040,0
41059521104,0
41059521047,0
41059521108,0
41059521056,0
41059521061,0
41059521083,0
41059521085,0
41059521078,0
41059521098,0
41059521099,0
41059521105,0
41059521043,0
41059521065,0
41059521093,0
41059521055,0
41059521030,0
41059521094,0
41059521102,0
41059521077,0
41059521068,0
10980916396,1
41059521104,0
41059521096,0
41059521095,0
41059521071,0
41059521060,0
10980916420,1
41059521050,0
41059521041,0
41059521098,0
41059521099,0
41059521105,0
41059521106,0
41059521059,0
41059521093,0
41059521109,0
41059521101,0
41059521036,0
41059521038,0
41059521086,0
41059521076,0
68179700014,1
41059521087,0
41059521098,0
41059521099,0
41059521073,0
41059521074,0
41059521066,0
41059521093,0
41059521052,0
41059521067,0
41059521107,0
41059521091,0
41059521053,0
41059521092,0
41059521105,0
41059521099,0
41059521098,0
41059521054,0
41059521088,0
41059521048,0
41059521093,0
41059521100,0
41059521089,0
41059521040,0
10980916396,1
41059521104,0
68179699952,1
41059521108,0
41059521047,0
41059521083,0
41059521078,0
41059521056,0
41059521061,0
41059521085,0
68179700052,1
41059521104,0
41059521094,0
41059521102,0
41059521077,0
41059521030,0
41059521068,0
68179699952,1
41059521096,0
41059521095,0
41059521071,0
41059521060,0
41059521101,0
41059521110,0
41059521067,0
41059521107,0
41059521054,0
41059521104,0
41059521108,0
41059521047,0
41059521078,0
41059521083,0
41059521061,0
41059521056,0
41059521085,0
10980916416,1
41059521094,0
41059521102,0
41059521077,0
41059521030,0
41059521068,0
41059521096,0
41059521095,0
41059521060,0
41059521071,0
41059521111,0
41059521111,0
41059521101,0
41059521108,0
41059521047,0
41059521067,0
41059521078,0
41059521083,0
41059521056,0
41059521061,0
41059521110,0
41059521085,0
41059521091,0
68179700148,1
10980916416,1
41059521107,0
41059521050,0
41059521038,0
41059521041,0
41059521092,0
41059521053,0
41059521086,0
41059521076,0
41059521098,0
41059521098,0
41059521105,0
41059521105,0
41059521099,0
41059521099,0
10980916420,1
10980916430,1
41059521105,0
41059521105,0
41059521099,0
41059521098,0
41059521098,0
41059521099,0
41059521106,0
41059521073,0
41059521055,0
41059521054,0
41059521043,0
41059521059,0
41059521074,0
41059521088,0
41059521066,0
41059521048,0
41059521065,0
41059521093,0
41059521093,0
41059521093,0
41059521109,0
41059521112,0
41059521052,0
41059521089,0
41059521040,0
10980916417,1
41059521100,0
10980916396,1
41059521111,0
41059521096,0
41059521095,0
41059521071,0
41059521060,0
41059521050,0
41059521041,0
41059521098,0
41059521105,0
41059521099,0
41059521106,0
41059521059,0
41059521093,0
41059521109,0
41059521111,0
41059521101,0
41059521110,0
41059521113,0
41059521086,0
41059521076,0
41059521098,0
41059521105,0
41059521099,0
10980916395,1
68179700063,0
41059521073,0
68179700159,1
41059521074,0
41059521066,0
41059521093,0
41059521052,0
41059521100,0
41059521067,0
41059521107,0
41059521091,0
10980916395,1
41059521092,0
41059521053,0
41059521098,0
41059521105,0
41059521099,0
68179699915,1
41059521054,0
41059521088,0
41059521048,0
41059521093,0
41059521089,0
41059521040,0
68179699936,1
10980916417,1
41059521055,0
41059521030,0
41059521094,0
41059521102,0
41059521077,0
41059521068,0
41059521108,0
41059521047,0
41059521061,0
41059521056,0
41059521078,0
41059521083,0
41059521085,0
41059521098,0
41059521105,0
41059521099,0
10980916395,1
41059521043,0
41059521065,0
41059521112,0
10980916467,1
41059521111,0
41059521096,0
41059521095,0
41059521071,0
41059521060,0
41059521050,0
41059521041,0
41059521098,0
41059521105,0
41059521099,0
10980916395,1
10980916410,1
41059521106,0
41059521059,0
41059521093,0
41059521109,0
41059521111,0
41059521101,0
41059521110,0
41059521113,0
41059521086,0
41059521076,0
41059521098,0
41059521105,0
41059521099,0
10980916395,1
41059521073,0
41059521074,0
41059521066,0
41059521093,0
41059521052,0
41059521100,0
41059521067,0
41059521107,0
41059521091,0
10980916427,1
41059521053,0
41059521092,0
41059521098,0
41059521105,0
41059521099,0
68179699915,1
10980916420,1
41059521054,0
41059521088,0
41059521048,0
41059521093,0
41059521089,0
68179700160,1
41059521114,0
41059521055,0
41059521030,0
41059521094,0
41059521102,0
41059521077,0
41059521068,0
41059521108,0
41059521047,0
41059521061,0
41059521056,0
41059521083,0
41059521078,0
41059521085,0
41059521105,0
41059521099,0
41059521098,0
41059521043,0
41059521065,0
41059521112,0
10980916371,1
41059521111,0
41059521096,0
41059521095,0
41059521071,0
41059521060,0
10980916388,1
41059521050,0
41059521115,0
41059521098,0
41059521105,0
41059521099,0
41059521106,0
41059521059,0
41059521093,0
41059521109,0
41059521111,0
41059521101,0
41059521110,0
41059521113,0
41059521086,0
41059521076,0
41059521105,0
41059521099,0
41059521098,0
68179700063,0
41059521073,0
2719162847,1
41059521074,0
41059521066,0
41059521093,0
41059521052,0
41059521100,0
41059521067,0
41059521107,0
41059521091,0
10980916395,1
41059521053,0
41059521092,0
41059521098,0
41059521105,0
41059521099,0
10980916395,1
41059521054,0
41059521088,0
41059521048,0
41059521093,0
41059521114,0
41059521089,0
68179700160,1
41059521055,0
2719162979,0
41059521094,0
41059521102,0
41059521077,0
41059521068,0
10980916383,1
68179700110,1
41059521108,0
41059521047,0
41059521078,0
41059521083,0
41059521061,0
41059521056,0
41059521085,0
10980916480,1
68179700052,1
41059521098,0
41059521105,0
41059521099,0
41059521043,0
41059521065,0
41059521112,0
68179699955,1
41059521111,0
41059521096,0
41059521095,0
41059521060,0
41059521071,0
10980916388,1
41059521111,0
41059521101,0
41059521110,0
41059521067,0
41059521107,0
41059521054,0
41059521094,0
41059521102,0
41059521077,0
2719162979,0
41059521068,0
68179700014,1
41059521108,0
41059521047,0
41059521083,0
41059521078,0
41059521056,0
41059521061,0
41059521085,0
10980916416,1
41059521111,0
41059521096,0
41059521095,0
41059521071,0
41059521060,0
41059521101,0
41059521110,0
41059521116,0
41059521116,0
41059521108,0
41059521047,0
41059521067,0
41059521078,0
41059521096,0
41059521083,0
41059521056,0
41059521061,0
41059521095,0
41059521060,0
41059521085,0
41059521071,0
41059521091,0
10980916468,1
41059521107,0
41059521115,0
41059521050,0
41059521113,0
41059521092,0
41059521053,0
41059521086,0
41059521076,0
41059521105,0
10980916388,1
41059521105,0
41059521105,0
41059521105,0
41059521099,0
41059521099,0
41059521099,0
41059521098,0
41059521098,0
41059521117,0
41059521117,0
41059521118,0
68179700042,1
41059521106,0
41059521073,0
41059521055,0
41059521054,0
41059521119,0
41059521059,0
41059521074,0
41059521088,0
41059521066,0
41059521048,0
41059521065,0
41059521112,0
41059521112,0
41059521112,0
41059521112,0
41059521109,0
41059521052,0
41059521089,0
41059521114,0
68179700160,1
10980916417,1
41059521100,0
10980916396,1
41059521116,0
41059521101,0
41059521110,0
41059521113,0
41059521086,0
41059521076,0
10980916372,1
41059521099,0
41059521105,0
41059521117,0
41059521073,0
41059521074,0
41059521066,0
41059521112,0
41059521052,0
41059521100,0
41059521055,0
2719162979,0
41059521094,0
41059521102,0
41059521077,0
41059521068,0
41059521116,0
41059521067,0
41059521107,0
10980916395,1
41059521091,0
41059521092,0
41059521053,0
41059521099,0
41059521105,0
41059521098,0
10980916388,1
41059521054,0
41059521088,0
41059521048,0
41059521112,0
41059521089,0
41059521114,0
10980916480,1
41059521047,0
41059521056,0
41059521108,0
41059521061,0
41059521083,0
41059521078,0
41059521085,0
41059521099,0
41059521105,0
41059521098,0
10980916394,1
41059521119,0
41059521065,0
41059521112,0
41059521096,0
41059521095,0
41059521071,0
41059521060,0
41059521050,0
41059521115,0
41059521105,0
41059521117,0
41059521118,0
10980916478,1
41059521106,0
41059521059,0
41059521112,0
41059521109,0
41059521116,0
41059521101,0
41059521110,0
41059521113,0
41059521086,0
41059521076,0
41059521099,0
41059521105,0
41059521117,0
41059521073,0
41059521074,0
41059521066,0
41059521112,0
41059521052,0
41059521100,0
41059521055,0
2719162979,0
41059521094,0
41059521102,0
41059521077,0
41059521068,0
41059521116,0
41059521067,0
41059521107,0
10980916427,1
41059521091,0
41059521092,0
41059521053,0
41059521099,0
41059521105,0
41059521098,0
10980916388,1
41059521054,0
41059521088,0
41059521048,0
41059521112,0
41059521089,0
41059521114,0
68179699936,1
41059521047,0
41059521108,0
41059521061,0
41059521078,0
41059521083,0
41059521056,0
41059521085,0
41059521099,0
41059521105,0
41059521098,0
10980916394,1
41059521119,0
41059521065,0
41059521112,0
41059521096,0
41059521095,0
41059521071,0
41059521060,0
10980916388,1
41059521115,0
41059521050,0
41059521105,0
41059521117,0
41059521118,0
41059521106,0
41059521059,0
41059521112,0
41059521109,0
41059521116,0
68179700110,0
41059521101,0
41059521110,0
41059521113,0
41059521086,0
41059521076,0
41059521105,0
41059521118,0
41059521117,0
41059521073,0
41059521074,0
41059521066,0
41059521112,0
41059521100,0
41059521052,0
41059521055,0
2719162979,0
41059521094,0
41059521102,0
41059521077,0
41059521068,0
10980916383,1
41059521116,0
41059521067,0
41059521107,0
41059521091,0
10980916395,1
41059521092,0
41059521053,0
41059521105,0
41059521099,0
41059521098,0
41059521054,0
41059521088,0
41059521048,0
41059521112,0
41059521089,0
41059521114,0
10980916480,1
41059521108,0
41059521056,0
41059521061,0
41059521120,0
41059521083,0
41059521078,0
41059521085,0
10980916480,1
41059521105,0
41059521099,0
41059521098,0
41059521119,0
41059521065,0
41059521112,0
41059521096,0
41059521095,0
41059521071,0
41059521060,0
41059521050,0
41059521115,0
41059521105,0
41059521118,0
41059521117,0
68179700062,1
41059521106,0
41059521059,0
41059521112,0
41059521109,0
41059521116,0
41059521101,0
41059521110,0
41059521094,0
41059521102,0
41059521077,0
2719162979,0
41059521068,0
68179700110,1
41059521116,0
41059521067,0
41059521107,0
41059521054,0
41059521108,0
41059521120,0
41059521078,0
41059521083,0
41059521061,0
41059521056,0
41059521085,0
41059521096,0
41059521095,0
41059521060,0
41059521071,0
41059521116,0
41059521101,0
41059521110,0
41059521094,0
41059521102,0
41059521077,0
2719162979,0
41059521068,0
41059521107,0
41059521067,0
41059521054,0
41059521121,0
41059521121,0
41059521101,0
41059521108,0
41059521120,0
41059521078,0
41059521096,0
41059521083,0
41059521056,0
41059521061,0
41059521110,0
41059521095,0
41059521060,0
41059521085,0
41059521071,0
68179699936,1
41059521091,0
41059521115,0
41059521092,0
41059521113,0
41059521053,0
41059521122,0
41059521086,0
41059521076,0
41059521105,0
41059521105,0
41059521118,0
41059521118,0
41059521118,0
41059521118,0
41059521117,0
41059521117,0
41059521117,0
41059521123,0
68179700062,1
41059521123,0
41059521117,0
41059521106,0
41059521073,0
41059521055,0
41059521119,0
41059521059,0
41059521074,0
41059521088,0
41059521066,0
41059521124,0
41059521065,0
41059521112,0
41059521112,0
41059521112,0
41059521112,0
41059521109,0
41059521125,0
41059521089,0
41059521114,0
41059521100,0
41059521121,0
41059521067,0
41059521107,0
41059521091,0
41059521092,0
41059521053,0
41059521118,0
41059521123,0
41059521117,0
10980916388,1
41059521054,0
41059521088,0
41059521124,0
41059521112,0
41059521089,0
10980916420,1
41059521114,0
68179699936,1
41059521121,0
41059521056,0
41059521108,0
41059521061,0
41059521120,0
41059521083,0
41059521085,0
41059521078,0
41059521123,0
41059521118,0
41059521117,0
41059521119,0
41059521065,0
41059521112,0
41059521096,0
41059521095,0
41059521071,0
41059521060,0
41059521115,0
41059521122,0
41059521105,0
41059521118,0
41059521117,0
10980916478,1
41059521106,0
41059521055,0
2719162979,0
41059521094,0
41059521102,0
41059521077,0
41059521068,0
41059521059,0
41059521112,0
41059521109,0
41059521101,0
41059521110,0
41059521076,0
41059521113,0
41059521086,0
41059521123,0
41059521118,0
41059521117,0
41059521073,0
41059521074,0
41059521066,0
41059521112,0
41059521125,0
41059521100,0
41059521121,0
41059521067,0
41059521107,0
41059521091,0
41059521092,0
41059521126,0
41059521118,0
41059521123,0
41059521117,0
10980916388,1
41059521054,0
41059521088,0
41059521124,0
41059521112,0
41059521089,0
41059521114,0
68179699936,1
41059521121,0
41059521108,0
41059521061,0
41059521120,0
41059521056,0
41059521078,0
41059521085,0
41059521083,0
41059521123,0
41059521118,0
41059521117,0
41059521119,0
41059521065,0
41059521112,0
41059521096,0
41059521095,0
41059521071,0
41059521060,0
41059521115,0
41059521122,0
41059521105,0
41059521118,0
41059521117,0
41059521106,0
41059521055,0
2719162979,0
41059521094,0
41059521102,0
41059521077,0
41059521068,0
41059521059,0
41059521112,0
41059521109,0
68179700110,0
41059521101,0
41059521110,0
41059521076,0
41059521113,0
41059521086,0
41059521123,0
41059521118,0
41059521117,0
41059521073,0
41059521074,0
41059521066,0
41059521112,0
41059521125,0
41059521100,0
41059521121,0
41059521067,0
41059521107,0
41059521091,0
41059521092,0
41059521126,0
41059521118,0
41059521123,0
41059521117,0
41059521127,0
41059521088,0
41059521124,0
41059521112,0
41059521089,0
41059521114,0
68179699975,1
10980916416,1
41059521121,0
41059521056,0
41059521108,0
41059521061,0
41059521120,0
41059521083,0
41059521085,0
41059521078,0
41059521123,0
41059521118,0
41059521117,0
41059521119,0
41059521065,0
41059521112,0
41059521096,0
41059521095,0
41059521071,0
41059521060,0
41059521115,0
41059521122,0
41059521105,0
41059521118,0
41059521117,0
41059521106,0
41059521055,0
2719162979,0
41059521094,0
41059521102,0
41059521077,0
41059521068,0
41059521059,0
41059521112,0
41059521109,0
10980916383,1
10980916428,1
68179700110,0
2719162894,1
41059521101,0
41059521110,0
41059521076,0
41059521113,0
41059521086,0
41059521123,0
41059521118,0
41059521117,0
41059521073,0
41059521074,0
41059521066,0
41059521112,0
41059521125,0
68179700042,1
41059521121,0
41059521067,0
41059521107,0
41059521127,0
41059521121,0
41059521108,0
41059521120,0
41059521078,0
41059521083,0
41059521061,0
41059521056,0
41059521085,0
10980916480,1
41059521096,0
41059521095,0
41059521060,0
41059521071,0
41059521094,0
41059521102,0
41059521077,0
2719162979,0
41059521068,0
10980916428,1
68179700014,1
41059521101,0
41059521110,0
41059521121,0
41059521067,0
41059521107,0
41059521127,0
41059521108,0
41059521120,0
41059521078,0
41059521083,0
41059521061,0
41059521085,0
41059521128,0
68179699936,1
41059521129,0
41059521129,0
41059521101,0
41059521067,0
41059521096,0
41059521110,0
41059521095,0
41059521060,0
41059521107,0
41059521071,0
41059521091,0
41059521115,0
41059521113,0
41059521126,0
41059521086,0
41059521122,0
41059521076,0
41059521092,0
41059521123,0
41059521118,0
41059521117,0
10980916420,1
41059521123,0
41059521123,0
41059521118,0
41059521117,0
41059521117,0
41059521118,0
41059521118,0
41059521123,0
41059521117,0
41059521106,0
41059521073,0
41059521055,0
41059521127,0
41059521119,0
41059521059,0
41059521074,0
41059521088,0
41059521066,0
41059521124,0
68179699935,1
68179700100,1
41059521065,0
41059521112,0
41059521112,0
41059521112,0
41059521130,0
41059521109,0
41059521125,0
41059521089,0
10980916480,1
41059521114,0
2719162794,1
41059521100,0
41059521055,0
2719162979,0
41059521094,0
41059521102,0
41059521077,0
41059521068,0
10980916396,1
41059521129,0
68179700110,1
41059521128,0
41059521108,0
41059521061,0
41059521120,0
41059521083,0
41059521085,0
41059521078,0
41059521118,0
41059521123,0
41059521117,0
41059521119,0
41059521065,0
41059521112,0
41059521129,0
41059521096,0
41059521095,0
41059521071,0
41059521060,0
41059521115,0
41059521122,0
41059521117,0
41059521123,0
41059521118,0
10980916419,1
41059521106,0
41059521059,0
41059521112,0
41059521109,0
41059521101,0
41059521110,0
41059521113,0
41059521086,0
41059521076,0
41059521123,0
41059521118,0
41059521117,0
41059521073,0
41059521074,0
41059521066,0
41059521112,0
41059521125,0
41059521100,0
10980916394,1
41059521107,0
41059521067,0
41059521091,0
41059521126,0
41059521092,0
41059521123,0
41059521117,0
41059521118,0
10980916388,1
41059521127,0
41059521088,0
41059521124,0
41059521130,0
41059521089,0
10980916388,1
41059521114,0
10980916416,1
41059521055,0
2719162979,0
41059521094,0
41059521102,0
41059521077,0
41059521068,0
10980916396,1
41059521129,0
41059521108,0
41059521128,0
41059521061,0
41059521120,0
41059521083,0
41059521085,0
41059521078,0
41059521118,0
41059521123,0
41059521117,0
41059521119,0
41059521065,0
41059521112,0
41059521129,0
41059521096,0
41059521095,0
41059521071,0
41059521060,0
41059521115,0
41059521122,0
41059521123,0
41059521117,0
41059521118,0
41059521106,0
41059521131,0
41059521112,0
41059521109,0
41059521101,0
41059521110,0
41059521113,0
41059521086,0
41059521076,0
41059521123,0
41059521118,0
41059521117,0
41059521073,0
41059521074,0
41059521066,0
41059521112,0
41059521125,0
41059521100,0
68179700042,1
10980916396,1
41059521067,0
41059521107,0
41059521091,0
41059521092,0
41059521126,0
41059521123,0
41059521117,0
41059521118,0
41059521127,0
41059521088,0
41059521124,0
41059521130,0
41059521089,0
41059521114,0
41059521055,0
2719162979,0
41059521094,0
41059521102,0
41059521077,0
41059521068,0
10980916383,1
10980916405,1
41059521129,0
41059521108,0
41059521061,0
41059521128,0
41059521120,0
41059521078,0
41059521083,0
41059521085,0
41059521118,0
41059521123,0
41059521117,0
41059521119,0
41059521065,0
41059521112,0
41059521129,0
41059521096,0
41059521095,0
41059521071,0
41059521132,0
10980916396,1
41059521115,0
41059521122,0
41059521123,0
41059521117,0
41059521118,0
41059521106,0
41059521131,0
41059521112,0
41059521109,0
68179700110,0
41059521101,0
41059521110,0
41059521113,0
41059521086,0
41059521076,0
41059521123,0
41059521118,0
41059521117,0
41059521073,0
41059521074,0
41059521066,0
41059521112,0
41059521125,0
68179700074,1
41059521100,0
41059521067,0
41059521091,0
41059521107,0
41059521092,0
41059521126,0
41059521123,0
41059521118,0
41059521117,0
41059521127,0
41059521088,0
41059521124,0
41059521130,0
41059521089,0
41059521114,0
10980916388,1
41059521055,0
2719162979,0
41059521094,0
41059521102,0
41059521077,0
41059521068,0
41059521129,0
10980916383,1
10980916428,1
41059521108,0
41059521061,0
41059521120,0
41059521083,0
41059521078,0
41059521128,0
41059521085,0
41059521129,0
41059521096,0
41059521095,0
41059521071,0
41059521132,0
41059521101,0
41059521110,0
41059521067,0
41059521127,0
41059521107,0
41059521094,0
41059521102,0
41059521077,0
2719162979,0
41059521068,0
41059521129,0
10980916419,1
41059521108,0
41059521120,0
41059521083,0
41059521078,0
41059521061,0
41059521128,0
41059521085,0
41059521096,0
41059521095,0
41059521071,0
41059521132,0
10980916396,1
41059521133,0
41059521133,0
41059521101,0
41059521108,0
41059521120,0
41059521083,0
41059521067,0
41059521078,0
41059521128,0
41059521134,0
41059521110,0
41059521085,0
41059521091,0
41059521107,0
41059521092,0
41059521113,0
41059521115,0
41059521126,0
41059521122,0
41059521086,0
41059521076,0
68179700100,1
41059521123,0
41059521123,0
41059521118,0
41059521117,0
41059521117,0
41059521118,0
41059521118,0
41059521123,0
41059521123,0
41059521117,0
41059521135,0
41059521136,0
41059521106,0
41059521073,0
41059521055,0
41059521127,0
41059521119,0
41059521131,0
41059521074,0
41059521088,0
41059521066,0
41059521124,0
41059521065,0
41059521130,0
41059521130,0
41059521130,0
41059521130,0
41059521109,0
41059521125,0
41059521089,0
41059521114,0
68179700100,1
68179700042,1
2719162954,1
41059521100,0
10980916396,1
41059521133,0
41059521071,0
41059521096,0
41059521095,0
41059521132,0
41059521122,0
41059521115,0
41059521118,0
41059521123,0
41059521136,0
41059521106,0
41059521131,0
41059521130,0
41059521109,0
41059521133,0
41059521101,0
41059521110,0
41059521113,0
41059521086,0
41059521076,0
41059521123,0
41059521118,0
41059521117,0
41059521073,0
41059521074,0
41059521066,0
41059521130,0
41059521125,0
41059521100,0
10980916396,1
41059521055,0
2719162979,0
41059521094,0
41059521102,0
41059521077,0
41059521068,0
10980916383,1
10980916419,1
41059521067,0
41059521107,0
41059521091,0
41059521092,0
41059521126,0
41059521123,0
41059521118,0
41059521117,0
41059521127,0
41059521088,0
41059521124,0
41059521130,0
41059521089,0
68179699972,1
41059521114,0
41059521108,0
41059521120,0
41059521083,0
41059521078,0
41059521128,0
41059521134,0
41059521085,0
41059521123,0
41059521136,0
41059521135,0
41059521119,0
41059521137,0
41059521130,0
41059521133,0
41059521096,0
41059521071,0
41059521095,0
41059521132,0
41059521122,0
41059521115,0
41059521118,0
41059521123,0
41059521136,0
41059521106,0
41059521131,0
68179699986,1
41059521130,0
41059521109,0
41059521133,0
41059521101,0
41059521110,0
41059521113,0
41059521086,0
41059521076,0
41059521123,0
41059521118,0
41059521117,0
41059521073,0
41059521074,0
41059521066,0
41059521130,0
41059521125,0
41059521100,0
10980916396,1
41059521055,0
2719162979,0
41059521094,0
41059521102,0
41059521077,0
41059521068,0
10980916419,1
41059521067,0
41059521107,0
10980916467,1
41059521091,0
41059521092,0
41059521126,0
41059521123,0
41059521118,0
41059521117,0
68179700100,1
41059521127,0
41059521088,0
41059521124,0
41059521130,0
41059521089,0
10980916388,1
41059521114,0
10980916416,1
41059521108,0
41059521134,0
41059521128,0
41059521120,0
41059521078,0
41059521083,0
41059521085,0
41059521123,0
41059521135,0
41059521136,0
41059521119,0
41059521137,0
41059521130,0
41059521133,0
41059521096,0
41059521071,0
41059521095,0
41059521132,0
10980916396,1
41059521122,0
41059521115,0
41059521118,0
41059521123,0
41059521136,0
10980916386,1
41059521106,0
41059521131,0
41059521130,0
41059521109,0
41059521133,0
41059521101,0
41059521110,0
41059521113,0
41059521086,0
41059521076,0
41059521123,0
41059521118,0
41059521117,0
10980916468,1
41059521073,0
41059521074,0
41059521138,0
41059521130,0
41059521125,0
41059521100,0
10980916396,1
2719162978,0
2719162979,0
41059521094,0
41059521102,0
41059521077,0
41059521068,0
41059521139,0
41059521107,0
41059521091,0
10980916467,1
41059521092,0
41059521126,0
41059521123,0
41059521118,0
41059521117,0
10980916388,1
41059521127,0
41059521088,0
41059521124,0
41059521130,0
41059521089,0
41059521114,0
10980916416,1
41059521128,0
41059521108,0
41059521134,0
41059521120,0
41059521078,0
41059521083,0
41059521085,0
10980916480,1
41059521123,0
41059521135,0
41059521136,0
41059521119,0
41059521137,0
41059521130,0
41059521133,0
41059521096,0
41059521071,0
41059521095,0
41059521132,0
10980916396,1
41059521133,0
41059521101,0
41059521110,0
41059521094,0
41059521102,0
41059521077,0
2719162979,0
41059521068,0
41059521139,0
41059521107,0
41059521127,0
41059521108,0
41059521120,0
41059521083,0
41059521078,0
41059521134,0
10980916480,1
41059521128,0
41059521085,0
41059521133,0
41059521096,0
41059521095,0
41059521071,0
41059521132,0
41059521101,0
41059521110,0
41059521140,0
41059521141,0
10980916468,1
41059521108,0
41059521083,0
41059521139,0
41059521078,0
41059521134,0
41059521120,0
41059521096,0
41059521107,0
10980916480,1
41059521095,0
41059521071,0
41059521085,0
41059521132,0
41059521128,0
41059521091,0
68179700140,1
41059521092,0
41059521113,0
41059521115,0
41059521126,0
41059521122,0
41059521086,0
41059521076,0
2719162836,1
41059521135,0
41059521135,0
41059521135,0
41059521135,0
41059521123,0
41059521123,0
41059521136,0
41059521136,0
41059521136,0
41059521136,0
10980916420,1
41059521142,0
41059521142,0
68179699938,1
68179699952,1
41059521106,0
41059521073,0
2719162978,0
2719162979,0
41059521094,0
41059521102,0
41059521077,0
41059521127,0
41059521068,0
41059521119,0
41059521131,0
41059521074,0
41059521088,0
41059521138,0
41059521124,0
41059521137,0
41059521130,0
41059521130,0
41059521130,0
41059521130,0
41059521109,0
41059521125,0
41059521089,0
41059521114,0
10980916370,1
68179700100,1
10980916416,1
41059521100,0
10980916396,1
41059521141,0
41059521101,0
41059521110,0
41059521113,0
41059521086,0
41059521076,0
41059521135,0
41059521136,0
41059521142,0
10980916468,1
41059521073,0
41059521074,0
41059521138,0
41059521130,0
41059521125,0
41059521100,0
68179700042,1
41059521140,0
41059521139,0
41059521107,0
41059521091,0
41059521092,0
41059521126,0
41059521135,0
41059521123,0
41059521136,0
41059521127,0
41059521088,0
41059521124,0
41059521130,0
41059521089,0
41059521114,0
10980916416,1
68179700042,1
41059521108,0
41059521128,0
41059521134,0
41059521120,0
41059521083,0
41059521085,0
41059521078,0
41059521123,0
41059521135,0
41059521136,0
41059521119,0
41059521137,0
41059521130,0
41059521096,0
41059521095,0
41059521071,0
41059521132,0
41059521094,0
41059521102,0
41059521077,0
2719162979,0
41059521068,0
68179700099,1
41059521115,0
41059521122,0
41059521142,0
41059521135,0
41059521136,0
68179699952,1
41059521106,0
2719162978,0
41059521131,0
41059521130,0
41059521109,0
68179700043,1
41059521141,0
41059521101,0
41059521110,0
41059521113,0
41059521086,0
41059521076,0
41059521135,0
41059521136,0
41059521142,0
41059521073,0
41059521074,0
41059521138,0
41059521130,0
41059521125,0
41059521100,0
41059521140,0
68179700155,0
41059521139,0
41059521107,0
41059521091,0
10980916371,1
41059521126,0
41059521092,0
41059521135,0
41059521136,0
41059521142,0
10980916388,1
41059521127,0
41059521088,0
41059521124,0
41059521130,0
41059521089,0
41059521114,0
10980916480,1
41059520735,0
41059521108,0
41059521134,0
41059521120,0
41059521078,0
41059521083,0
41059521128,0
41059521085,0
10980916480,1
68179700014,1
41059521135,0
41059521136,0
41059521123,0
68179699952,1
41059521119,0
41059521137,0
41059521130,0
68179700159,1
41059521096,0
41059521095,0
41059521143,0
41059521132,0
68179700140,1
41059521115,0
41059521122,0
41059521135,0
41059521136,0
41059521142,0
68179699952,1
41059521106,0
41059521131,0
41059521130,0
41059521109,0
10980916395,1
2719162978,0
2719162979,0
41059521094,0
41059521102,0
41059521077,0
41059521068,0
41059521141,0
41059521101,0
41059521110,0
41059521113,0
41059521086,0
41059521076,0
41059521135,0
41059521142,0
41059521136,0
41059521073,0
41059521074,0
41059521138,0
41059521130,0
41059521100,0
41059521125,0
10980916396,1
41059521140,0
41059521139,0
41059521107,0
41059521091,0
41059521126,0
41059521092,0
41059521135,0
41059521136,0
41059521142,0
68179699984,1
41059521127,0
41059521088,0
41059521124,0
41059521130,0
41059521089,0
41059521114,0
10980916480,1
41059521108,0
41059521134,0
41059521120,0
41059521083,0
41059521078,0
68179700160,1
2719162894,1
41059521128,0
41059521085,0
41059521135,0
41059521123,0
41059521136,0
68179699984,1
41059521119,0
41059521137,0
41059521130,0
68179700063,1
41059521096,0
41059521095,0
41059521143,0
41059521132,0
41059521115,0
41059521122,0
41059521135,0
41059521136,0
41059521142,0
41059521106,0
41059521131,0
41059521130,0
41059521109,0
2719162978,0
2719162979,0
41059521094,0
41059521102,0
41059521077,0
41059521068,0
10980916419,1
41059521141,0
41059521101,0
41059521110,0
41059521140,0
41059521139,0
41059521107,0
41059521127,0
41059521108,0
41059521120,0
41059521083,0
41059521134,0
10980916468,1
41059521078,0
41059521128,0
41059521085,0
41059521095,0
41059521096,0
41059521132,0
41059521143,0
10980916396,1
41059521094,0
41059521102,0
41059521077,0
2719162979,0
41059521068,0
41059521141,0
41059521101,0
41059521110,0
41059521139,0
41059521127,0
41059521107,0
41059521144,0
41059521144,0
41059521101,0
41059521108,0
41059521120,0
41059521078,0
41059521096,0
41059521083,0
41059521128,0
41059521134,0
41059521110,0
41059521095,0
41059521132,0
41059521085,0
41059521143,0
10980916468,1
41059521091,0
68179700140,1
68179699918,1
41059521115,0
41059521113,0
41059521092,0
41059521126,0
41059521122,0
41059521086,0
41059521076,0
41059521135,0
41059521142,0
68179699983,1
10980916468,1
41059521142,0
41059521142,0
41059521135,0
41059521135,0
41059521142,0
41059521135,0
41059521136,0
41059521136,0
41059521136,0
41059521136,0
68179699983,1
68179699984,1
41059521106,0
41059521145,0
2719162978,0
41059521119,0
41059521131,0
41059521146,0
41059521088,0
41059521138,0
10980916370,1
41059521124,0
41059521137,0
41059521130,0
41059521130,0
41059521130,0
41059521147,0
41059521109,0
41059521125,0
41059521089,0
41059521114,0
2719162847,1
10980916420,1
10980916394,1
68179700074,1
10980916385,1
41059521100,0
41059521144,0
41059521139,0
41059521107,0
41059521091,0
41059521126,0
41059521092,0
10980916420,1
41059521142,0
41059521136,0
41059521135,0
68179699983,1
41059521127,0
41059521088,0
41059521124,0
41059521130,0
41059521089,0
41059521114,0
68179699936,1
10980916420,1
41059521144,0
41059521108,0
41059521134,0
41059521120,0
41059521078,0
41059521083,0
10980916468,1
10980916480,1
41059521128,0
41059521085,0
41059521135,0
41059521142,0
41059521136,0
2719162978,0
2719162979,0
41059521094,0
41059521102,0
41059521077,0
41059521068,0
41059521119,0
41059521137,0
41059521130,0
68179700074,1
41059521096,0
41059521095,0
41059521143,0
41059521132,0
68179700044,1
41059521115,0
41059521122,0
41059521135,0
41059521142,0
41059521136,0
68179699983,1
41059521106,0
41059521131,0
41059521130,0
68179699954,1
41059521109,0
68179700043,1
41059521101,0
41059521110,0
41059521113,0
41059521086,0
41059521076,0
41059521142,0
41059521135,0
68179699951,1
41059521136,0
68179699984,1
41059521145,0
41059521146,0
41059521138,0
41059521147,0
41059521125,0
41059521100,0
10980916428,1
41059521144,0
41059521139,0
41059521107,0
41059521091,0
10980916371,1
41059521126,0
41059521092,0
10980916420,1
41059521135,0
41059521142,0
41059521136,0
68179699951,1
41059521127,0
41059521088,0
41059521124,0
41059521130,0
41059521089,0
41059521114,0
10980916480,1
68179700042,1
41059521144,0
41059521108,0
41059521134,0
41059521128,0
41059521120,0
41059521078,0
41059521083,0
41059521085,0
41059521135,0
41059521142,0
41059521136,0
2719162978,0
2719162979,0
41059521094,0
41059521102,0
41059521077,0
41059521068,0
41059521119,0
41059521137,0
41059521130,0
41059521096,0
41059521095,0
41059521143,0
41059521132,0
41059521115,0
41059521122,0
41059521135,0
41059521136,0
41059521142,0
41059521106,0
41059521131,0
41059521130,0
41059521109,0
68179700110,0
41059521101,0
41059521110,0
41059521113,0
41059521086,0
41059521076,0
41059521135,0
41059521142,0
41059521136,0
68179700016,1
41059521145,0
41059521146,0
41059521138,0
41059521147,0
41059521125,0
41059521100,0
68179700122,1
10980916396,1
41059521144,0
41059521139,0
41059521107,0
41059521091,0
41059521126,0
41059521092,0
41059521135,0
41059521142,0
41059521136,0
68179699984,1
41059521127,0
41059521088,0
41059521124,0
41059521130,0
41059521089,0
41059521114,0
68179700074,1
41059521144,0
41059521108,0
41059521128,0
41059521134,0
41059521120,0
41059521083,0
41059521085,0
41059521078,0
68179699936,1
68179699995,1
2719162894,1
41059521135,0
41059521142,0
41059521136,0
68179699952,1
2719162978,0
2719162979,0
41059521094,0
41059521102,0
41059521077,0
41059521068,0
41059521119,0
41059521137,0
41059521130,0
10980916428,1
68179700159,1
68179700042,1
41059521096,0
41059521095,0
41059521143,0
41059521132,0
41059521115,0
41059521122,0
41059521135,0
41059521142,0
41059521136,0
41059521106,0
41059521131,0
41059521130,0
41059521109,0
68179700110,0
41059521101,0
41059521110,0
41059521113,0
41059521086,0
41059521148,0
41059521135,0
41059521142,0
41059521136,0
68179699984,1
41059521145,0
41059521146,0
41059521138,0
41059521147,0
41059521125,0
68179700122,1
41059521144,0
41059521107,0
41059521139,0
41059521127,0
41059521144,0
41059521108,0
41059521120,0
41059521078,0
41059521083,0
41059521128,0
41059521134,0
41059521085,0
68179700160,1
68179700091,1
2719162958,1
41059521094,0
41059521102,0
41059521077,0
2719162979,0
2719162981,0
41059521096,0
41059521095,0
41059521143,0
41059521132,0
41059521101,0
41059521110,0
41059521144,0
41059521139,0
41059521107,0
41059521127,0
10980916467,1
41059521108,0
41059521120,0
41059521078,0
41059521083,0
41059521134,0
41059521128,0
41059521085,0
68179699936,1
68179699918,1
41059521094,0
41059521102,0
41059521077,0
2719162979,0
2719162981,0
10980916405,1
41059521149,0
41059521149,0
41059521101,0
41059521107,0
41059521139,0
41059521096,0
41059521110,0
41059521095,0
41059521132,0
41059521143,0
41059521091,0
41059521115,0
41059521148,0
41059521113,0
41059521126,0
41059521122,0
41059521086,0
41059521092,0
10980916420,1
41059521135,0
41059521135,0
41059521135,0
41059521142,0
41059521142,0
41059521142,0
41059521142,0
41059521136,0
41059521136,0
41059521136,0
41059521150,0
41059521151,0
68179700159,1
10980916406,1
41059521106,0
2719162978,0
41059521145,0
41059521127,0
41059521119,0
41059521131,0
41059521146,0
41059521088,0
41059521138,0
41059521124,0
41059521137,0
41059521147,0
41059521147,0
41059521147,0
41059521147,0
41059521109,0
41059521125,0
41059521089,0
41059521114,0
10980916416,1
10980916420,1
10980916417,1
41059521100,0
41059521149,0
41059521108,0
41059521134,0
41059521128,0
41059521120,0
41059521152,0
41059521083,0
41059521085,0
68179700014,1
68179699936,1
41059521135,0
41059521142,0
41059521136,0
41059521119,0
41059521137,0
41059521147,0
41059521149,0
41059521096,0
68179700074,0
41059521095,0
41059521143,0
41059521132,0
10980916396,1
41059521115,0
41059521122,0
41059521135,0
41059521142,0
41059521136,0
41059521106,0
41059521131,0
41059521147,0
41059521109,0
10980916405,1
41059521101,0
41059521110,0
41059521086,0
41059521148,0
41059521113,0
41059521135,0
41059521142,0
41059521136,0
41059521145,0
41059521146,0
41059521138,0
41059521147,0
41059521100,0
41059521125,0
41059521094,0
41059521102,0
41059521077,0
2719162979,0
2719162981,0
41059521139,0
41059521107,0
10980916371,1
41059521127,0
41059521091,0
41059521126,0
41059521092,0
41059521151,0
41059521142,0
41059521150,0
68179700159,1
10980916406,1
2719162978,0
41059521088,0
41059521124,0
41059521147,0
41059521089,0
41059521114,0
41059521149,0
41059521108,0
41059521128,0
41059521134,0
41059521120,0
41059521152,0
41059521153,0
41059521085,0
10980916416,1
10980916480,1
41059521135,0
41059521151,0
41059521142,0
41059521119,0
41059521137,0
41059521147,0
41059521149,0
41059521096,0
41059521095,0
41059521143,0
41059521132,0
41059521115,0
41059521122,0
41059521135,0
41059521142,0
41059521136,0
41059521106,0
41059521131,0
41059521147,0
41059521109,0
10980916405,1
41059521101,0
41059521110,0
41059521086,0
41059521148,0
41059521113,0
41059521135,0
41059521142,0
41059521136,0
41059521094,0
41059521102,0
41059521077,0
2719162979,0
2719162981,0
10980916387,1
41059521139,0
41059521107,0
41059521091,0
41059521126,0
41059521092,0
41059521142,0
41059521151,0
41059521150,0
10980916406,1
41059521145,0
2719162978,0
68179700034,1
41059521127,0
41059521146,0
41059521088,0
41059521138,0
41059521124,0
41059521147,0
41059521147,0
41059521125,0
41059521089,0
41059521100,0
41059521114,0
10980916396,1
41059521149,0
41059521108,0
41059521128,0
41059521134,0
41059521120,0
41059521153,0
41059521085,0
41059521152,0
68179700160,1
68179700160,1
41059521135,0
41059521151,0
41059521142,0
41059521119,0
41059521137,0
41059521147,0
68179700063,1
41059521149,0
41059521096,0
41059521095,0
41059521143,0
41059521132,0
41059521115,0
41059521122,0
41059521135,0
41059521142,0
41059521136,0
41059521106,0
41059521131,0
41059521147,0
41059521109,0
41059521101,0
41059521110,0
41059521086,0
41059521148,0
41059521113,0
41059521142,0
41059521135,0
41059521136,0
41059521145,0
41059521146,0
41059521138,0
41059521147,0
41059521125,0
41059521100,0
10980916428,1
2719162978,0
2719162979,0
41059521094,0
41059521102,0
41059521077,0
2719162981,0
68179700034,1
2719162894,1
41059521139,0
41059521091,0
41059521107,0
41059521126,0
41059521092,0
41059521151,0
41059521142,0
41059521150,0
68179700159,1
10980916406,1
68179700062,1
41059521127,0
41059521088,0
41059521124,0
41059521147,0
41059521089,0
10980916391,1
41059521114,0
41059521149,0
41059521108,0
41059521128,0
41059521134,0
41059521120,0
41059521153,0
41059521085,0
41059521152,0
68179700160,1
2719162894,1
41059521149,0
41059521096,0
41059521095,0
41059521143,0
41059521132,0
41059521101,0
41059521110,0
41059521094,0
41059521102,0
41059521077,0
2719162979,0
2719162981,0
68179699918,1
41059521139,0
41059521107,0
41059521127,0
41059521149,0
41059521108,0
41059521120,0
41059521152,0
41059521153,0
41059521134,0
10980916480,1
10980916480,1
68179699918,1
41059521128,0
41059521085,0
41059521096,0
68179700074,0
41059521095,0
41059521132,0
41059521143,0
41059521154,0
41059521154,0
10980916418,1
41059521101,0
41059521108,0
41059521153,0
41059521139,0
41059521110,0
41059521128,0
41059521134,0
41059521120,0
41059521152,0
41059521085,0
41059521091,0
10980916468,1
41059521107,0
10980916480,1
41059521115,0
41059521113,0
41059521126,0
41059521122,0
41059521155,0
41059521148,0
41059521092,0
41059521142,0
41059521142,0
41059521151,0
41059521151,0
41059521151,0
41059521151,0
41059521150,0
41059521150,0
41059521150,0
41059521150,0
41059521156,0
41059521156,0
68179699935,1
68179699935,1
68179699935,1
68179700159,1
10980916420,1
41059521106,0
41059521145,0
2719162978,0
10980916386,1
41059521127,0
41059521119,0
41059521131,0
41059521146,0
41059521088,0
41059521138,0
41059521124,0
41059521137,0
41059521147,0
41059521147,0
41059521147,0
41059521147,0
41059521109,0
41059521125,0
41059521089,0
10980916370,1
41059521114,0
10980916420,1
41059521100,0
41059521154,0
41059521132,0
41059521096,0
68179700074,0
41059521095,0
41059521143,0
41059521115,0
41059521122,0
41059521150,0
41059521151,0
41059521156,0
68179700063,1
41059521106,0
41059521131,0
41059521147,0
41059521109,0
2719162978,0
2719162979,0
41059521094,0
41059521102,0
41059521077,0
2719162981,0
68179700034,1
10980916430,1
41059521154,0
41059521101,0
41059521110,0
41059521113,0
41059521155,0
41059521148,0
41059521151,0
41059521142,0
41059521150,0
41059521145,0
41059521146,0
41059521138,0
41059521147,0
41059521125,0
41059521100,0
41059521139,0
41059521091,0
41059521107,0
41059521126,0
41059521092,0
41059521142,0
41059521151,0
41059521150,0
10980916388,1
41059521127,0
41059521088,0
41059521124,0
41059521147,0
41059521089,0
41059521114,0
41059521108,0
41059521120,0
41059521152,0
41059521153,0
41059521128,0
41059521134,0
41059521157,0
68179699936,1
41059521150,0
41059521151,0
41059521156,0
41059521119,0
41059521137,0
41059521147,0
41059521154,0
41059521096,0
41059521132,0
41059521095,0
41059521143,0
41059521115,0
41059521122,0
41059521151,0
41059521150,0
41059521156,0
41059521106,0
41059521131,0
41059521147,0
41059521109,0
2719162978,0
2719162979,0
41059521094,0
41059521102,0
41059521077,0
2719162981,0
41059521154,0
41059521101,0
41059521110,0
41059521113,0
41059521155,0
41059521148,0
41059521142,0
41059521151,0
41059521150,0
41059521145,0
41059521146,0
41059521138,0
41059521147,0
41059521125,0
41059521100,0
41059521107,0
10980916467,1
41059521139,0
41059521091,0
41059521126,0
41059521092,0
41059521142,0
41059521151,0
41059521150,0
41059521127,0
41059521158,0
41059521124,0
41059521147,0
41059521089,0
41059521114,0
2719162779,0
68179700091,1
41059521108,0
41059521120,0
41059521152,0
41059521153,0
41059521134,0
41059521128,0
41059521157,0
68179699936,1
68179700160,1
68179700014,1
41059521156,0
41059521151,0
41059521150,0
10980916420,1
41059521119,0
41059521137,0
41059521147,0
41059521154,0
41059521096,0
68179700074,0
41059521095,0
41059521143,0
41059521132,0
41059521115,0
41059521122,0
41059521151,0
41059521150,0
41059521156,0
68179700159,1
10980916420,1
41059521106,0
41059521131,0
41059521147,0
41059521109,0
2719162978,0
2719162979,0
41059521094,0
41059521102,0
41059521077,0
2719162981,0
68179700101,1
68179700014,1
41059521154,0
41059521101,0
41059521110,0
41059521113,0
41059521155,0
41059521148,0
41059521151,0
41059521150,0
41059521156,0
41059521145,0
41059521146,0
41059521138,0
41059521147,0
41059521125,0
41059521100,0
41059521139,0
41059521107,0
41059521091,0
41059521126,0
41059521092,0
41059521142,0
41059521151,0
41059521150,0
68179700062,1
41059521127,0
41059521158,0
41059521124,0
41059521147,0
41059521159,0
41059521114,0
10980916388,1
68179700071,1
41059521108,0
41059521128,0
41059521134,0
41059521120,0
41059521152,0
41059521157,0
41059521153,0
10980916480,1
68179700014,1
41059521151,0
41059521150,0
41059521156,0
68179700159,1
10980916478,1
10980916420,1
41059521119,0
41059521137,0
41059521147,0
41059521154,0
41059521096,0
41059521095,0
41059521143,0
41059521132,0
41059521094,0
41059521102,0
41059521077,0
2719162979,0
2719162981,0
68179700101,1
68179700014,1
41059521154,0
41059521101,0
41059521110,0
41059521139,0
41059521107,0
41059521127,0
2719162779,0
2719162843,1
41059521108,0
41059521120,0
41059521152,0
41059521153,0
41059521134,0
41059521128,0
41059521157,0
10980916416,1
68179700014,1
41059521154,0
41059521096,0
41059521095,0
41059521143,0
41059521132,0
10980916396,1
41059521094,0
41059521102,0
2719162984,0
2719162979,0
2719162981,0
68179700101,1
68179700014,1
10980916387,1
41059521101,0
41059521110,0
41059521160,0
41059521160,0
41059521108,0
41059521120,0
41059521139,0
41059521152,0
41059521096,0
41059521128,0
41059521134,0
41059521095,0
41059521153,0
41059521157,0
41059521132,0
41059521143,0
41059521091,0
10980916468,1
10980916416,1
41059521107,0
68179699918,1
41059521115,0
41059521113,0
41059521092,0
41059521126,0
41059521122,0
41059521155,0
41059521148,0
41059521156,0
41059521156,0
41059521156,0
41059521156,0
41059521150,0
41059521150,0
41059521150,0
41059521150,0
41059521151,0
68179700100,1
41059521151,0
41059521151,0
41059521151,0
2719162847,1
68179699935,1
68179700159,1
10980916388,1
41059521106,0
41059521145,0
2719162978,0
41059521127,0
41059521119,0
41059521131,0
41059521146,0
41059521158,0
41059521138,0
41059521124,0
41059521137,0
41059521147,0
41059521147,0
41059521147,0
41059521147,0
41059521109,0
41059521125,0
41059521159,0
41059521114,0
10980916370,1
2719162884,1
10980916405,1
41059521100,0
41059521160,0
41059521101,0
41059521110,0
41059521148,0
41059521113,0
41059521155,0
41059521156,0
41059521150,0
41059521151,0
41059521145,0
41059521146,0
41059521138,0
41059521147,0
41059521100,0
41059521125,0
41059521160,0
41059521139,0
41059521161,0
41059521107,0
41059521126,0
41059521162,0
41059521156,0
41059521150,0
41059521151,0
68179700042,1
41059521127,0
41059521158,0
41059521124,0
41059521147,0
41059521159,0
41059521114,0
68179700132,1
68179700071,1
41059521108,0
41059521134,0
41059521128,0
41059521120,0
41059521152,0
41059521153,0
41059521157,0
10980916372,1
41059521156,0
41059521150,0
41059521151,0
41059521119,0
41059521137,0
41059521147,0
2719162978,0
2719162979,0
41059521094,0
41059521102,0
2719162984,0
2719162981,0
10980916387,1
68179700101,1
68179699918,1
41059521096,0
41059521095,0
41059521132,0
41059521143,0
68179700044,1
41059521115,0
41059521122,0
41059521156,0
41059521150,0
41059521151,0
41059521106,0
41059521131,0
41059521163,0
41059521109,0
68179700043,1
68179699915,1
41059521160,0
41059521101,0
41059521110,0
41059521148,0
41059521113,0
41059521155,0
41059521156,0
41059521150,0
41059521151,0
41059521145,0
41059521146,0
41059521138,0
41059521147,0
41059521100,0
41059521125,0
2719162843,1
41059521160,0
41059521139,0
41059521161,0
41059521107,0
10980916467,1
41059521126,0
41059521162,0
41059521156,0
41059521150,0
41059521151,0
2719162826,1
41059521127,0
41059521158,0
41059521124,0
41059521147,0
41059521159,0
41059521114,0
10980916420,1
41059521108,0
41059521134,0
41059521152,0
41059521153,0
41059521128,0
41059521120,0
41059521157,0
10980916416,1
68179700014,1
41059521156,0
41059521150,0
41059521151,0
10980916388,1
68179700159,1
41059521119,0
41059521137,0
41059521147,0
68179699935,1
2719162978,0
2719162979,0
41059521094,0
41059521102,0
2719162984,0
2719162981,0
68179700101,1
41059521096,0
41059521164,0
41059521143,0
41059521132,0
41059521115,0
41059521122,0
41059521156,0
41059521150,0
41059521151,0
41059521106,0
41059521131,0
41059521163,0
41059521109,0
41059521160,0
68179700043,1
10980916405,1
41059521101,0
41059521110,0
68179699926,1
41059521148,0
41059521113,0
41059521155,0
41059521156,0
41059521150,0
41059521151,0
41059521145,0
41059521146,0
41059521138,0
41059521147,0
41059521100,0
41059521125,0
68179700091,1
41059521160,0
41059521139,0
41059521107,0
68179699955,1
41059521161,0
41059521126,0
41059521162,0
41059521156,0
41059521150,0
41059521151,0
68179700042,1
10980916420,1
41059521127,0
41059521158,0
41059521124,0
41059521147,0
41059521159,0
41059521114,0
10980916391,1
10980916420,1
41059521108,0
41059521128,0
41059521134,0
41059521120,0
41059521153,0
41059521157,0
41059521152,0
68179700052,1
10980916416,1
68179700101,1
68179700014,1
41059521156,0
41059521150,0
41059521151,0
41059521119,0
41059521137,0
41059521147,0
68179700063,1
2719162978,0
2719162979,0
41059521094,0
41059521102,0
2719162984,0
2719162981,0
10980916387,1
68179700014,1
41059521165,0
41059521164,0
41059521143,0
41059521132,0
10980916396,1
41059521115,0
41059521122,0
41059521156,0
41059521150,0
41059521151,0
41059521106,0
41059521131,0
41059521163,0
41059521109,0
41059521160,0
41059521101,0
41059521110,0
68179699926,1
41059521148,0
41059521113,0
41059521155,0
41059521156,0
41059521150,0
41059521151,0
10980916420,1
41059521145,0
41059521146,0
41059521138,0
41059521147,0
41059521125,0
41059521160,0
41059521139,0
41059521127,0
41059521107,0
10980916391,1
41059521108,0
41059521120,0
41059521152,0
41059521153,0
41059521134,0
41059521128,0
41059521157,0
68179700052,1
10980916480,1
41059521094,0
41059521102,0
2719162984,0
2719162979,0
2719162981,0
68179700014,1
41059521165,0
41059521164,0
41059521143,0
41059521132,0
2719162796,1
41059521160,0
41059521101,0
41059521110,0
68179699926,1
41059521139,0
41059521107,0
41059521127,0
41059521166,0
41059521166,0
68179700014,1
68179699918,1
41059521101,0
41059521108,0
41059521153,0
41059521152,0
41059521165,0
41059521110,0
41059521164,0
41059521128,0
41059521134,0
41059521120,0
41059521157,0
41059521132,0
41059521143,0
68179699937,1
2719162796,1
10980916480,1
10980916480,1
68179699926,1
68179700014,1
41059521161,0
41059521115,0
41059521122,0
41059521148,0
41059521113,0
41059521126,0
41059521155,0
41059521162,0
41059521156,0
41059521156,0
41059521156,0
41059521156,0
41059521150,0
41059521150,0
41059521150,0
41059521151,0
41059521151,0
41059521151,0
41059521167,0
41059521168,0
10980916420,1
10980916383,1
68179700063,1
2719162847,1
10980916388,1
10980916388,1
41059521106,0
41059521145,0
2719162978,0
68179700132,0
41059521119,0
41059521131,0
41059521146,0
41059521158,0
41059521138,0
41059521124,0
41059521137,0
41059521163,0
41059521163,0
41059521163,0
41059521163,0
41059521109,0
41059521125,0
41059521159,0
68179700082,1
41059521114,0
10980916383,1
10980916395,1
68179700100,1
68179700053,1
10980916395,1
41059521169,0
41059521166,0
41059521139,0
41059521107,0
41059521161,0
41059521126,0
41059521162,0
41059521156,0
41059521150,0
41059521151,0
10980916388,1
2719162978,0
2719162979,0
41059521094,0
41059521102,0
2719162984,0
41059521127,0
2719162981,0
41059521158,0
41059521124,0
41059521163,0
41059521159,0
41059521114,0
68179700071,1
68179700139,1
41059521166,0
41059521108,0
41059521134,0
41059521128,0
41059521120,0
41059521152,0
41059521157,0
41059521153,0
68179700052,1
68179700014,1
68179699936,1
41059521156,0
41059521150,0
41059521151,0
68179699972,1
68179700063,1
68179700132,0
41059521119,0
41059521137,0
41059521163,0
68179700139,1
2719162884,1
10980916383,1
41059521165,0
41059521164,0
41059521143,0
41059521132,0
10980916396,1
41059521115,0
41059521122,0
41059521150,0
41059521151,0
41059521156,0
10980916388,1
41059521106,0
41059521131,0
41059521163,0
41059521109,0
68179699915,1
10980916405,1
41059521101,0
41059521110,0
41059521113,0
41059521148,0
41059521155,0
41059521156,0
41059521167,0
41059521168,0
41059521145,0
41059521146,0
41059521138,0
41059521163,0
41059521125,0
68179699954,1
10980916395,1
41059521169,0
41059521166,0
41059521139,0
41059521161,0
41059521107,0
10980916371,1
41059521126,0
41059521162,0
41059521156,0
41059521150,0
41059521151,0
10980916388,1
2719162978,0
2719162979,0
41059521094,0
41059521102,0
2719162984,0
41059521127,0
2719162981,0
41059521158,0
41059521124,0
41059521163,0
41059521159,0
10980916386,1
10980916387,1
41059521114,0
10980916420,1
10980916395,1
10980916430,1
41059521166,0
2719162894,1
41059521108,0
41059521134,0
41059521120,0
41059521128,0
41059521152,0
41059521157,0
41059521153,0
10980916480,1
68179700014,1
68179699936,1
41059521156,0
41059521150,0
41059521151,0
10980916383,1
41059521119,0
41059521137,0
41059521163,0
68179699915,1
2719162847,1
41059521165,0
41059521164,0
41059521143,0
41059521132,0
41059521115,0
41059521122,0
41059521156,0
41059521150,0
41059521151,0
10980916383,1
10980916420,1
41059521106,0
41059521131,0
41059521163,0
41059521109,0
68179699915,1
41059521101,0
41059521110,0
41059521155,0
41059521148,0
41059521113,0
41059521156,0
41059521167,0
41059521168,0
41059521166,0
2719162894,1
41059521139,0
41059521107,0
10980916467,1
41059521161,0
41059521126,0
41059521162,0
41059521156,0
41059521150,0
41059521168,0
68179700042,1
10980916388,1
41059521145,0
2719162978,0
2719162979,0
41059521094,0
41059521102,0
2719162984,0
41059521127,0
2719162981,0
41059521146,0
41059521158,0
41059521138,0
41059521124,0
41059521163,0
41059521163,0
41059521125,0
41059521159,0
41059521169,0
41059521114,0
10980916391,1
10980916420,1
41059521166,0
2719162894,1
41059521108,0
41059521134,0
41059521120,0
41059521152,0
41059521128,0
41059521157,0
41059521153,0
10980916480,1
2719162958,1
68179699936,1
41059521156,0
41059521150,0
41059521151,0
41059521119,0
41059521137,0
41059521163,0
68179699935,1
41059521165,0
41059521164,0
41059521143,0
41059521132,0
41059521122,0
41059521115,0
41059521156,0
41059521150,0
41059521151,0
10980916383,1
41059521106,0
41059521131,0
41059521163,0
41059521109,0
2719162798,0
41059521170,0
41059521110,0
41059521148,0
41059521113,0
41059521155,0
41059521156,0
41059521168,0
41059521167,0
41059521145,0
41059521146,0
41059521138,0
41059521163,0
41059521125,0
41059521169,0
41059521166,0
2719162894,1
41059521139,0
41059521161,0
41059521107,0
41059521126,0
41059521162,0
41059521156,0
41059521150,0
41059521168,0
2719162978,0
2719162979,0
41059521094,0
41059521102,0
2719162984,0
41059521127,0
2719162981,0
41059521158,0
41059521124,0
41059521163,0
41059521159,0
41059521114,0
10980916387,1
10980916420,1
41059521166,0
68179700014,1
41059521108,0
41059521120,0
41059521152,0
41059521153,0
41059521134,0
41059521128,0
41059521157,0
10980916417,1
68179700052,1
68179699936,1
2719162958,1
41059521165,0
41059521164,0
41059521132,0
41059521143,0
10980916396,1
10980916396,1
2719162798,0
41059521170,0
41059521110,0
41059521166,0
41059521139,0
41059521107,0
41059521127,0
41059521094,0
41059521102,0
2719162984,0
2719162979,0
2719162981,0
10980916387,1
41059521108,0
41059521120,0
41059521153,0
41059521152,0
41059521128,0
41059521134,0
41059521157,0
10980916468,1
68179699936,1
68179699937,1
68179699936,1
68179699918,1
41059521171,0
41059521171,0
41059521170,0
68179699954,1
41059521139,0
41059521165,0
41059521110,0
41059521164,0
41059521132,0
41059521107,0
41059521143,0
41059521161,0
10980916467,1
10980916406,1
2719162796,1
68179699955,1
41059521122,0
41059521148,0
41059521113,0
41059521115,0
41059521126,0
41059521155,0
41059521162,0
41059521156,0
41059521156,0
41059521167,0
41059521167,0
41059521167,0
41059521167,0
41059521168,0
41059521168,0
41059521168,0
41059521168,0
68179700099,1
41059521172,0
41059521172,0
68179700148,1
68179700016,1
68179700016,1
10980916468,1
41059521173,0
41059521145,0
2719162978,0
41059521127,0
41059521119,0
41059521131,0
41059521146,0
41059521158,0
41059521138,0
41059521124,0
41059521137,0
41059521163,0
41059521163,0
41059521163,0
41059521163,0
41059521159,0
41059521109,0
41059521125,0
41059521114,0
68179699954,1
10980916395,1
10980916395,1
10980916427,1
41059521169,0
41059521171,0
41059521108,0
41059521120,0
41059521134,0
41059521128,0
41059521152,0
41059521153,0
41059521157,0
68179700052,1
68179699937,1
10980916430,1
41059521172,0
41059521167,0
41059521168,0
10980916468,1
41059521119,0
41059521137,0
41059521163,0
68179699915,1
41059521171,0
41059521165,0
41059521164,0
41059521143,0
41059521132,0
68179700044,1
41059521122,0
41059521115,0
41059521167,0
41059521156,0
41059521168,0
68179699952,1
41059521173,0
41059521131,0
41059521163,0
41059521109,0
68179700139,1
2719162978,0
2719162979,0
2719162988,0
41059521102,0
2719162984,0
2719162981,0
10980916386,1
2719162796,1
41059521170,0
10980916370,1
41059521110,0
41059521148,0
41059521113,0
41059521155,0
41059521167,0
41059521156,0
41059521168,0
68179699907,1
41059521145,0
41059521146,0
41059521138,0
41059521163,0
41059521169,0
41059521125,0
10980916395,1
41059521139,0
41059521107,0
41059521127,0
10980916371,1
10980916467,1
41059521161,0
41059521126,0
41059521162,0
41059521172,0
41059521167,0
41059521168,0
68179700052,1
68179699952,1
41059521158,0
41059521124,0
41059521163,0
41059521159,0
41059521114,0
10980916420,1
10980916410,1
41059521171,0
68179699955,1
41059521108,0
41059521120,0
41059521134,0
41059521152,0
41059521128,0
41059521153,0
41059521157,0
10980916416,1
10980916417,1
41059521167,0
41059521172,0
41059521168,0
2719162836,1
41059521119,0
41059521137,0
41059521163,0
68179699915,1
41059521171,0
68179699955,1
41059521165,0
41059521164,0
41059521143,0
41059521132,0
2719162796,1
10980916396,1
41059521122,0
41059521115,0
41059521156,0
41059521167,0
41059521168,0
10980916388,1
68179699984,1
41059521173,0
41059521131,0
41059521163,0
41059521109,0
68179700139,1
68179699915,1
2719162988,0
41059521102,0
2719162984,0
2719162979,0
2719162981,0
41059521170,0
2719162796,1
10980916370,1
68179699918,1
41059521110,0
41059521148,0
41059521113,0
41059521155,0
41059521156,0
41059521167,0
41059521168,0
10980916419,1
68179699952,1
41059521145,0
2719162978,0
41059521146,0
41059521138,0
41059521163,0
41059521125,0
41059521169,0
10980916395,1
68179699953,1
41059521139,0
41059521161,0
41059521107,0
10980916467,1
2719162835,1
41059521126,0
41059521162,0
2719162794,1
41059521172,0
41059521168,0
41059521167,0
10980916360,0
10980916359,0
41059521174,0
41059521174,0
41059521175,0
41059521176,0
41059521176,0
41059521177,0
41059521174,0
41059521127,0
41059521158,0
41059521124,0
41059521163,0
41059521159,0
41059521114,0
10980916427,1
41059521171,0
41059521108,0
41059521120,0
41059521152,0
41059521153,0
41059521128,0
41059521134,0
41059521157,0
68179700014,1
41059521172,0
41059521167,0
41059521168,0
41059521119,0
41059521137,0
41059521163,0
10980916395,1
41059521171,0
41059521165,0
41059521164,0
41059521143,0
41059521132,0
68179700140,1
10980916396,1
41059521122,0
41059521115,0
41059521156,0
41059521167,0
41059521168,0
10980916388,1
68179699995,1
41059521173,0
41059521131,0
41059521163,0
2719162805,1
41059521109,0
68179699915,1
2719162978,0
2719162979,0
2719162988,0
41059521102,0
2719162984,0
2719162981,0
2719162828,1
41059521170,0
10980916430,1
41059521110,0
41059521148,0
41059521113,0
41059521155,0
41059521156,0
41059521167,0
41059521168,0
68179699952,1
41059521145,0
41059521146,0
41059521138,0
41059521163,0
41059521125,0
41059521169,0
41059521139,0
41059521161,0
41059521178,0
41059521162,0
41059521126,0
68179700042,1
41059521172,0
41059521168,0
41059521167,0
68179699984,1
68179699951,1
41059521127,0
41059521158,0
41059521124,0
41059521163,0
41059521159,0
41059521114,0
68179699975,1
41059521171,0
10980916435,1
41059521120,0
41059521179,0
41059521134,0
41059521153,0
68179699936,1
2719162958,1
41059521128,0
41059521157,0
41059521152,0
68179699936,1
41059521172,0
41059521167,0
41059521168,0
41059521119,0
41059521137,0
41059521163,0
41059521171,0
41059521165,0
41059521164,0
41059521132,0
41059521143,0
68179700140,1
2719162988,0
41059521102,0
2719162984,0
2719162979,0
2719162981,0
41059521170,0
2719162956,1
41059521110,0
41059521139,0
41059521178,0
10980916435,1
41059521127,0
41059521171,0
41059521179,0
41059521120,0
41059521152,0
41059521153,0
41059521128,0
41059521134,0
41059521157,0
68179699995,1
10980916416,1
68179699937,1
68179700014,1
41059521165,0
41059521164,0
41059521143,0
41059521132,0
2719162796,1
10980916396,1
41059521180,0
41059521180,0
41059521170,0
41059521179,0
41059521153,0
41059521139,0
41059521128,0
41059521134,0
41059521120,0
41059521152,0
41059521181,0
68179699955,1
41059521178,0
68179699918,1
10980916416,1
68179700160,1
41059521157,0
41059521161,0
41059521148,0
41059521113,0
41059521115,0
41059521126,0
41059521122,0
41059521155,0
41059521162,0
41059521172,0
41059521172,0
41059521172,0
41059521172,0
41059521167,0
41059521167,0
41059521167,0
41059521167,0
41059521168,0
68179700131,1
41059521168,0
68179699983,1
41059521168,0
41059521168,0
2719162843,1
68179699952,1
68179699984,1
10980916468,1
41059521173,0
41059521145,0
2719162978,0
2719162837,1
41059521127,0
41059521119,0
41059521131,0
41059521146,0
41059521158,0
41059521138,0
41059521124,0
68179699986,1
41059521137,0
41059521163,0
41059521163,0
41059521163,0
41059521163,0
41059521182,0
41059521125,0
41059521159,0
41059521114,0
2719162847,1
10980916388,1
10980916427,1
10980916395,1
2719162978,0
2719162979,0
2719162988,0
41059521102,0
2719162984,0
2719162981,0
10980916387,1
41059521180,0
41059521143,0
41059521165,0
41059521164,0
41059521132,0
68179700140,1
41059521115,0
41059521122,0
41059521167,0
41059521172,0
41059521168,0
41059520731,1
10980916418,1
41059521173,0
41059521131,0
41059521163,0
41059521182,0
41059521180,0
41059521170,0
68179699954,1
41059521181,0
41059521148,0
41059521113,0
41059521155,0
41059521172,0
41059521167,0
41059521168,0
10980916419,1
41059521145,0
41059521146,0
41059521138,0
41059521163,0
41059521125,0
68179699954,1
10980916395,1
41059521139,0
41059521161,0
41059521178,0
2719162778,1
10980916371,1
41059521162,0
41059521126,0
41059521172,0
41059521167,0
41059521168,0
68179700042,1
68179699983,1
68179699952,1
41059521127,0
41059521158,0
41059521124,0
41059521163,0
41059521159,0
41059521114,0
10980916410,1
41059521179,0
41059521134,0
41059521120,0
41059521153,0
41059521152,0
41059521128,0
41059521157,0
41059521172,0
41059521167,0
41059521168,0
10980916468,1
68179699984,1
41059521119,0
41059521137,0
41059521163,0
2719162978,0
2719162979,0
2719162988,0
41059521102,0
2719162984,0
2719162981,0
68179700140,1
2719162830,1
41059521180,0
41059521165,0
41059521143,0
41059521164,0
41059521132,0
68179700140,1
10980916396,1
41059521115,0
41059521122,0
41059521172,0
41059521167,0
41059521168,0
10980916468,1
68179699952,1
41059521173,0
41059521131,0
41059521163,0
41059521182,0
68179699915,1
41059521180,0
41059521170,0
41059521181,0
41059521148,0
41059521183,0
41059521155,0
41059521172,0
41059521167,0
41059521168,0
68179700099,1
68179699952,1
41059521145,0
41059521146,0
41059521138,0
41059521163,0
41059521125,0
41059521139,0
41059521178,0
10980916467,1
41059521127,0
41059521161,0
41059521162,0
41059521126,0
41059521172,0
41059521167,0
41059521168,0
2719162794,1
68179700111,1
68179699952,1
41059521158,0
41059521124,0
41059521163,0
41059521159,0
41059521114,0
10980916427,1
41059521120,0
41059521179,0
41059521134,0
41059521128,0
41059521152,0
41059521153,0
41059521157,0
10980916480,1
2719162894,1
68179700160,1
41059521172,0
41059521167,0
41059521168,0
68179700016,1
41059521119,0
41059521137,0
41059521184,0
10980916415,1
2719162978,0
2719162979,0
2719162988,0
41059521102,0
2719162984,0
2719162981,0
68179700140,1
68179699918,1
41059521180,0
41059521143,0
41059521165,0
41059521164,0
41059521132,0
68179700140,1
41059521115,0
41059521122,0
41059521172,0
41059521167,0
41059521168,0
68179699952,1
41059521173,0
41059521131,0
41059521163,0
41059521182,0
2719162837,1
41059521180,0
41059521170,0
41059521181,0
41059521148,0
41059521183,0
41059521155,0
41059521172,0
41059521167,0
41059521168,0
68179700159,1
41059521145,0
41059521146,0
41059521138,0
41059521163,0
41059521125,0
41059521139,0
41059521161,0
41059521178,0
10980916467,1
41059521162,0
41059521126,0
41059521172,0
41059521167,0
41059521168,0
68179700111,1
68179699952,1
2719162826,0
41059521127,0
41059521158,0
41059521124,0
41059521163,0
41059521159,0
41059521185,0
41059521179,0
41059521134,0
41059521120,0
41059521152,0
41059521128,0
41059521157,0
41059521153,0
10980916416,1
2719162894,1
41059521172,0
41059521167,0
41059521168,0
68179699983,1
68179700016,1
41059521119,0
41059521137,0
41059521184,0
68179700063,1
68179699936,1
2719162978,0
2719162979,0
2719162988,0
41059521102,0
2719162984,0
2719162981,0
68179700140,1
68179699918,1
41059521180,0
41059521143,0
41059521165,0
41059521164,0
41059521132,0
10980916407,1
10980916396,1
68179700140,1
41059521122,0
41059521186,0
41059521172,0
41059521167,0
41059521168,0
68179699952,1
68179699983,1
41059521173,0
41059521131,0
41059521163,0
41059521182,0
41059521180,0
41059521170,0
41059521181,0
41059521139,0
41059521178,0
41059521127,0
41059521179,0
41059521134,0
41059521120,0
41059521152,0
41059521153,0
41059521128,0
41059521157,0
10980916416,1
2719162830,1
10980916480,1
41059521180,0
41059521165,0
41059521164,0
41059521132,0
41059521143,0
10980916396,1
10980916428,1
41059521170,0
41059521181,0
2719163013,0
68179700101,1
41059521187,0
41059521187,0
41059520752,0
10980916432,0
10980916432,0
68179700016,1
2719162832,1
10980916436,0
10980916468,1
10980916432,0
68179699952,1
10980916432,0
68179699952,1
41059521188,0
10980916432,0
10980916420,1
10980916432,0
10980916432,0
10980916432,0
10980916432,0
10980916432,0
10980916432,0
10980916432,0
10980916432,0
10980916432,0
2719162832,1
68179700016,1
41059520752,0
68179699952,1
41059520752,0
68179699984,1
41059520752,0
68179699984,1
41059520752,0
68179699984,1
41059520752,0
41059521189,0
41059521189,0
41059521190,0
41059521190,0
41059521190,0
41059521190,0
41059521190,0
41059521190,0
68179700006,1
41059521190,0
41059521190,0
41059521190,0
41059521190,0
41059521190,0
41059521190,0
41059521190,0
41059521190,0
41059521190,0
41059521190,0
41059521191,0
41059521191,0
68179700071,1
41059521191,0
68179700071,1
41059521191,0
10980916436,0
2719162836,1
10980916437,0
10980916452,0
10980916420,1
41059521191,0
41059521191,0
10980916422,0
41059521191,0
10980916403,0
41059520744,0
41059521191,0
68179700071,1
41059521191,0
41059521191,0
68179700071,1
41059521191,0
2719163015,0
10980916391,1
41059521191,0
41059521192,0
41059521192,0
2719163015,0
2719163015,0
2719163015,0
2719163015,0
2719163015,0
2719163015,0
2719163015,0
2719163015,0
2719163015,0
68179699975,1
2719163015,0
10980916391,1
2719163015,0
10980916391,1
2719163015,0
2719163015,0
68179699975,1
2719163015,0
2719163015,0
2719163015,0
2719163015,0
2719163015,0
2719163015,0
2719163015,0
2719163015,0
2719163015,0
2719163015,0
10980916391,1
2719163015,0
41059520829,0
41059520829,0
41059520829,0
41059520829,0
41059520829,0
41059520829,0
41059520829,0
41059520829,0
41059520829,0
41059520829,0
41059520829,0
41059520829,0
41059520829,0
41059520829,0
41059520829,0
41059520829,0
41059520829,0
41059520829,0
41059520829,0
41059520829,0
41059520829,0
41059520829,0
41059520829,0
41059520941,0
41059520941,0
41059520941,0
41059520941,0
41059520941,0
41059520941,0
41059520941,0
41059520941,0
41059520941,0
41059520941,0
41059520941,0
41059520941,0
41059520941,0
41059520941,0
41059520941,0
41059520941,0
41059520941,0
41059520941,0
41059520941,0
41059520941,0
41059520941,0
41059521019,0
41059521019,0
41059521019,0
41059521019,0
41059521019,0
41059521019,0
41059521019,0
41059521019,0
41059521019,0
41059521019,0
41059521019,0
41059521019,0
41059521019,0
41059521019,0
41059521019,0
68179700091,1
41059521019,0
41059521091,0
41059521091,0
41059521091,0
41059521091,0
68179700099,1
41059521091,0
10980916419,1
41059521091,0
41059521091,0
41059521091,0
10980916419,1
41059521091,0
10980916387,1
41059521091,0
10980916419,1
41059521191,0
41059521191,0
41059521191,0
41059521191,0
41059521191,0
10980916391,1
41059521191,0
41059521191,0
10980916391,1
41059521191,0
41059521191,0
10980916391,1
41059521191,0
10980916391,1
41059521191,0
41059521191,0
10980916391,1
41059521191,0
41059521191,0
68179700071,1
68179700071,1
41059521191,0
68179700071,1
41059521191,0
10980916403,0
68179700071,1
41059521191,0
41059521191,0
10980916391,1
68179700071,1
41059521191,0
41059521191,0
10980916391,1
10980916391,1
41059521191,0
10980916391,1
41059521191,0
41059521191,0
10980916391,1
41059521191,0
10980916391,1
41059521191,0
41059521191,0
10980916391,1
41059521191,0
41059521191,0
10980916391,1
10980916391,1
41059521191,0
41059521191,0
10980916391,1
10980916391,1
41059521191,0
41059521191,0
10980916391,1
10980916391,1
41059521191,0
41059521191,0
10980916391,1
41059521191,0
41059521191,0
10980916391,1
68179700071,1
41059521191,0
41059521191,0
10980916391,1
41059521193,0
41059521193,0
41059521193,0
41059521193,0
41059520740,0
41059521193,0
10980916388,1
41059521193,0
41059521193,0
41059521193,0
41059521193,0
41059521193,0
41059521193,0
10980916361,1
41059521193,0
41059521193,0
41059521193,0
41059521193,0
41059521193,0
41059521193,0
41059521193,0
41059521193,0
41059521193,0
41059521193,0
41059521193,0
41059521193,0
41059521193,0
41059521193,0
41059521193,0
41059521193,0
41059521193,0
41059521193,0
10980916403,0
41059521193,0
41059521193,0
41059521193,0
41059521193,0
41059521193,0
41059521193,0
41059521193,0
41059521193,0
41059521193,0
41059521193,0
41059521193,0
41059521193,0
41059521193,0
41059521193,0
41059521194,0
41059521194,0
41059521194,0
41059521194,0
41059521194,0
41059521194,0
41059521194,0
2719162954,1
41059521194,0
41059521194,0
68179700042,1
41059521194,0
41059521194,0
41059521194,0
2719162954,1
41059521194,0
41059521193,0
10980916394,1
41059521193,0
41059521193,0
41059521193,0
41059521194,0
41059521194,0
41059521194,0
68179700042,1
41059521194,0
41059521194,0
41059521194,0
2719162954,1
41059521194,0
41059521194,0
68179700042,1
41059521194,0
41059521194,0
68179700042,1
41059521194,0
41059521194,0
2719162954,1
41059521194,0
41059521194,0
41059521194,0
41059521193,0
41059521193,0
41059521193,0
41059521193,0
41059521193,0
41059521193,0
41059521193,0
41059521193,0
41059521193,0
41059521193,0
41059521193,0
41059521193,0
41059521193,0
41059521193,0
41059521191,0
10980916391,1
41059521192,0
41059521192,0
41059521192,0
41059521192,0
68179700072,1
41059521192,0
41059521192,0
68179700072,1
41059521192,0
41059521192,0
68179700072,1
41059521192,0
41059521192,0
41059521192,0
41059521192,0
41059521192,0
41059521091,0
10980916419,1
41059521194,0
41059521091,0
10980916387,1
41059521091,0
10980916419,1
41059521091,0
41059521091,0
41059521161,0
41059521161,0
41059521161,0
41059521161,0
41059521192,0
41059521190,0
41059521190,0
41059521190,0
41059521190,0
2719162828,0
41059521190,0
2719162956,1
41059521190,0
41059521190,0
41059521190,0
41059521190,0
41059521195,0
41059521195,0
41059521195,0
41059521195,0
41059521195,0
41059521190,0
68179699915,1
68179700043,1
41059521190,0
68179700043,1
10980916427,1
41059521190,0
41059520758,0
41059521196,0
68179700140,1
41059521197,0
41059521198,0
41059521199,0
41059521197,0
41059521196,0
2719162958,1
2719162956,1
41059521198,0
41059521199,0
68179700014,1
41059520758,0
41059521197,0
41059521196,0
2719162796,1
41059521198,0
41059521199,0
41059521197,0
41059521196,0
2719162796,1
41059521198,0
41059521199,0
41059520758,0
68179699926,1
41059521197,0
41059521196,0
41059521198,0
2719162956,1
2719162894,1
41059521199,0
41059520758,0
41059521197,0
41059521196,0
2719162796,1
41059521190,0
41059521198,0
2719162894,1
41059521195,0
41059521195,0
41059521195,0
41059520758,0
41059521195,0
41059521197,0
41059521199,0
41059521195,0
41059521196,0
2719162796,1
10980916427,1
68179699915,1
68179700043,1
41059521198,0
2719162894,1
68179699915,1
41059520758,0
41059521199,0
41059521197,0
41059521196,0
41059521198,0
2719162796,1
2719162894,1
41059521199,0
41059521197,0
41059521196,0
68179700140,1
41059521198,0
41059521199,0
68179700014,1
41059521197,0
41059521196,0
41059521198,0
68179700140,1
41059521199,0
41059520758,0
41059521197,0
41059521196,0
41059521198,0
2719162958,1
41059521199,0
41059521195,0
41059521195,0
41059521195,0
41059521195,0
41059520758,0
41059521195,0
41059521196,0
41059521195,0
41059521197,0
68179699915,1
10980916396,1
68179700043,1
41059521198,0
2719162894,1
68179699915,1
41059520758,0
41059521199,0
10980916406,1
41059521197,0
41059521196,0
41059521198,0
2719162894,1
41059521199,0
41059521197,0
41059521196,0
41059521198,0
41059521199,0
2719162894,1
41059521197,0
41059521196,0
41059521198,0
2719162894,1
41059521199,0
41059520758,0
41059521197,0
41059521196,0
10980916396,1
41059521198,0
41059520846,1
41059521199,0
41059520758,0
41059521195,0
41059521195,0
41059521195,0
41059521195,0
10980916395,1
41059521198,0
41059521195,0
41059520758,0
41059521197,0
41059521199,0
41059521196,0
10980916427,1
10980916395,1
10980916396,1
10980916406,1
41059521197,0
41059521196,0
41059521198,0
41059521200,0
68179700014,1
41059520758,0
41059521197,0
41059521196,0
10980916396,1
41059521198,0
41059521200,0
68179700014,1
41059521197,0
41059521196,0
41059521198,0
68179700014,1
41059521200,0
68179699952,1
41059520796,0
41059521197,0
41059521196,0
41059521198,0
2719162894,1
41059521200,0
41059520796,0
41059521197,0
41059521196,0
68179700140,1
41059521195,0
41059521195,0
41059521195,0
41059520796,0
41059521195,0
41059521195,0
41059521200,0
41059521197,0
41059521196,0
10980916395,1
10980916395,1
41059521198,0
41059521198,0
41059521200,0
2719162894,1
41059520796,0
41059521197,0
41059521196,0
41059521198,0
41059521200,0
68179700014,1
41059521197,0
41059521196,0
41059521198,0
10980916430,1
68179700140,1
41059521200,0
41059520796,0
41059521197,0
41059521196,0
68179700140,1
41059521198,0
2719162958,1
41059521200,0
41059520796,0
68179699952,1
41059521197,0
41059521196,0
68179700044,1
41059521198,0
2719162958,1
41059521195,0
41059521195,0
41059521195,0
41059521195,0
41059521197,0
41059521200,0
41059521201,0
41059521196,0
10980916427,1
10980916395,1
10980916396,1
68179699984,1
68179699953,1
41059521198,0
41059521200,0
2719162894,1
68179700016,1
41059520796,0
41059521196,0
68179700140,1
41059521197,0
41059521198,0
68179700014,1
41059521200,0
68179700016,1
41059521197,0
41059521196,0
41059521198,0
10980916430,1
41059521200,0
68179700016,1
41059521197,0
41059521196,0
41059521198,0
10980916396,1
2719162830,1
41059521200,0
41059520796,0
2719162832,1
41059521197,0
41059521196,0
68179700044,1
41059521198,0
41059521200,0
2719162830,1
68179699984,1
41059521201,0
41059521201,0
41059521201,0
41059521201,0
41059521196,0
41059521201,0
41059521201,0
68179699953,1
68179699953,1
68179699953,1
41059521198,0
41059521202,0
41059521200,0
68179700014,1
68179700016,1
41059521202,0
41059521196,0
41059521198,0
68179699918,1
41059521200,0
68179699952,1
41059521202,0
41059521196,0
41059521198,0
68179699986,1
10980916396,1
41059521200,0
68179699952,1
41059521202,0
41059521196,0
41059521198,0
68179699954,1
68179700140,1
68179700014,1
41059521200,0
41059520796,0
2719162832,1
41059521202,0
41059521196,0
68179700140,1
68179699954,1
41059521198,0
41059521200,0
2719162830,1
41059521201,0
41059521201,0
41059521201,0
41059521198,0
41059521201,0
41059521201,0
41059521202,0
41059521200,0
41059521196,0
68179699985,1
68179699952,1
2719162830,1
41059521202,0
41059521196,0
41059521198,0
68179700140,1
68179700014,1
41059521200,0
41059520796,0
41059521202,0
41059521196,0
10980916370,1
2719162956,1
41059521198,0
68179700014,1
41059521200,0
41059521202,0
41059521196,0
41059521198,0
68179699986,1
10980916396,1
68179700014,1
41059521200,0
41059520796,0
41059521202,0
41059521196,0
10980916370,1
41059521198,0
41059521200,0
68179700014,1
41059520796,0
41059521202,0
41059521196,0
10980916396,1
41059521201,0
41059521201,0
41059521201,0
41059521201,0
41059521201,0
41059521198,0
41059521200,0
2719162894,1
68179699984,1
41059521202,0
41059521196,0
41059521198,0
10980916428,1
68179700014,1
41059521200,0
68179699952,1
41059520796,0
41059521202,0
41059521196,0
10980916428,1
41059521198,0
68179700014,1
41059521200,0
68179700016,1
41059521202,0
41059521196,0
41059521203,0
68179699955,1
41059521200,0
41059520796,0
68179699984,1
41059521202,0
41059521196,0
10980916428,1
41059521203,0
41059521200,0
68179699984,1
41059520796,0
41059521202,0
41059521196,0
41059521203,0
41059521201,0
41059521201,0
41059521201,0
41059521202,0
41059521200,0
41059521201,0
41059521201,0
41059521196,0
41059521203,0
68179699984,1
41059521200,0
68179699984,1
41059521196,0
41059521202,0
41059521203,0
41059521200,0
68179699984,1
41059521202,0
41059521196,0
68179699954,1
41059521203,0
41059521200,0
68179699952,1
41059520796,0
41059521202,0
41059521196,0
10980916370,1
41059521203,0
41059521200,0
68179699952,1
41059520796,0
41059521202,0
41059521196,0
41059521203,0
10980916428,1
41059521200,0
68179699984,1
41059521201,0
41059521201,0
41059521201,0
41059521201,0
41059521201,0
41059521196,0
41059521201,0
68179699953,1
41059521202,0
41059521203,0
41059521200,0
68179699984,1
10980916428,1
41059521202,0
41059521196,0
41059521203,0
10980916396,1
41059521200,0
41059521202,0
41059521204,0
68179699954,1
41059521203,0
41059521200,0
68179699952,1
41059521202,0
41059521204,0
68179699954,1
2719162804,1
41059521203,0
41059521200,0
68179700016,1
41059520796,0
41059521202,0
41059521204,0
41059521203,0
68179700052,1
41059521200,0
68179699952,1
41059521201,0
41059521201,0
41059521201,0
41059521201,0
41059521203,0
41059521201,0
41059521202,0
41059521200,0
41059521204,0
68179699984,1
68179699953,1
68179699953,1
41059521202,0
41059521204,0
41059521203,0
10980916468,1
41059521200,0
68179699984,1
41059521202,0
41059521204,0
10980916468,1
68179699954,1
41059521203,0
41059521200,0
68179699984,1
41059521204,0
68179700148,1
41059521202,0
41059521203,0
10980916435,1
41059521200,0
41059520796,0
68179700016,1
41059521202,0
41059521204,0
41059521203,0
68179700052,1
68179699986,1
41059521200,0
68179699952,1
41059520796,0
41059521202,0
41059521204,0
68179700148,1
41059521201,0
41059521201,0
41059521201,0
41059521201,0
41059521201,0
41059521200,0
41059521202,0
41059521204,0
41059521203,0
68179700052,1
2719162832,1
41059521203,0
41059521200,0
41059521202,0
41059521204,0
41059521203,0
41059521200,0
2719162832,1
41059521202,0
41059521204,0
41059521203,0
68179699986,1
10980916468,1
10980916435,1
41059521200,0
41059520796,0
41059521202,0
41059521204,0
41059521203,0
68179700052,1
41059521200,0
2719162832,1
41059520796,0
41059521202,0
41059521204,0
10980916468,1
41059521203,0
41059521201,0
41059521201,0
41059521201,0
41059521201,0
41059521202,0
41059521200,0
41059521201,0
41059521204,0
41059521203,0
10980916468,1
68179699952,1
68179699953,1
41059521200,0
68179699984,1
41059521202,0
41059521204,0
41059521203,0
41059521200,0
41059521202,0
41059521204,0
41059521203,0
68179700082,1
2719162835,1
41059521200,0
68179699952,1
41059520796,0
41059521202,0
41059521204,0
68179699986,1
10980916468,1
41059521203,0
41059521200,0
41059520796,0
41059521202,0
41059521204,0
41059521203,0
10980916467,1
41059521200,0
41059521201,0
41059521201,0
68179699953,1
41059521201,0
41059521201,0
41059521201,0
41059521204,0
41059521201,0
41059521202,0
41059521203,0
10980916468,1
68179699953,1
10980916467,1
41059521200,0
41059521202,0
41059521204,0
41059521203,0
41059521200,0
10980916371,1
41059521202,0
41059521204,0
41059521203,0
68179699955,1
41059521200,0
41059520796,0
41059521202,0
41059521204,0
10980916468,1
41059521203,0
41059520796,0
41059521200,0
41059521202,0
41059521204,0
41059521203,0
41059521200,0
41059521201,0
41059521201,0
41059521203,0
41059521201,0
41059521201,0
41059521201,0
41059521202,0
41059521200,0
41059521204,0
68179700052,1
68179699955,1
41059521202,0
41059521204,0
41059521203,0
41059521200,0
10980916467,1
41059521202,0
41059521204,0
41059521203,0
68179699955,1
41059521205,0
2719162805,1
41059521204,0
41059521202,0
41059521203,0
10980916435,1
10980916430,0
41059521205,0
41059521202,0
41059521204,0
41059521203,0
10980916467,1
41059521205,0
10980916430,0
2719162805,1
41059521202,0
41059521204,0
68179700052,1
41059521201,0
41059521201,0
41059521201,0
41059521201,0
41059521201,0
41059521205,0
41059521202,0
41059521204,0
41059521203,0
2719162837,1
68179700051,1
10980916372,1
41059521203,0
41059521205,0
10980916467,1
2719162837,1
41059521202,0
41059521204,0
41059521203,0
68179699955,1
41059521205,0
41059521202,0
41059521204,0
41059521203,0
68179699955,1
10980916468,1
41059521205,0
10980916430,0
41059521202,0
41059521204,0
68179700052,1
41059521203,0
41059521205,0
10980916435,1
10980916430,0
41059521202,0
41059521204,0
68179700052,1
41059521203,0
10980916467,1
41059521201,0
41059521201,0
41059521201,0
41059521201,0
41059521202,0
41059521201,0
41059521204,0
68179700052,1
41059521205,0
41059521203,0
10980916467,1
41059521205,0
41059521202,0
41059521204,0
41059521203,0
10980916371,1
41059521205,0
41059521202,0
41059521204,0
41059521203,0
2719162835,1
41059521205,0
10980916430,0
41059521202,0
41059521204,0
68179700014,1
41059521203,0
41059521205,0
10980916435,1
10980916430,0
41059521202,0
41059521204,0
68179700014,1
41059521203,0
41059521205,0
41059521206,0
41059521206,0
41059521204,0
41059521206,0
41059521206,0
41059521206,0
41059521206,0
41059521202,0
41059521203,0
41059521205,0
10980916468,1
41059521207,0
41059521204,0
41059521203,0
10980916371,1
41059521205,0
41059521207,0
41059521204,0
41059521203,0
2719162835,1
41059521205,0
10980916430,0
41059521207,0
41059521204,0
68179700014,1
10980916468,1
41059521203,0
41059521205,0
10980916435,1
10980916430,0
41059521204,0
41059521207,0
41059521203,0
10980916467,1
41059521205,0
41059521206,0
41059521206,0
41059521206,0
41059521203,0
41059521206,0
41059521206,0
41059521207,0
41059521205,0
41059521204,0
68179700052,1
41059521207,0
41059521204,0
41059521203,0
41059521205,0
41059521207,0
41059521204,0
41059521203,0
10980916467,1
41059521205,0
41059521207,0
41059521204,0
10980916468,1
41059521203,0
41059521205,0
10980916430,0
68179699918,1
41059521207,0
41059521204,0
41059521203,0
10980916468,1
41059521205,0
10980916430,0
41059521207,0
41059521204,0
68179700052,1
41059521206,0
41059521206,0
41059521206,0
41059521206,0
41059521206,0
68179699926,1
41059521204,0
41059521205,0
41059521207,0
41059521203,0
10980916468,1
10980916467,1
41059521203,0
2719162835,1
41059521205,0
41059521207,0
41059521204,0
41059521203,0
68179699955,1
10980916372,1
41059521205,0
41059521207,0
41059521204,0
2719162836,1
41059521203,0
41059521205,0
10980916430,0
41059521207,0
41059521204,0
41059521208,0
41059521205,0
10980916430,0
41059521207,0
41059521204,0
2719162964,1
2719162894,1
41059521208,0
41059521206,0
41059521206,0
41059521206,0
41059521206,0
41059521207,0
41059521205,0
41059521206,0
41059521204,0
41059521208,0
2719162836,1
41059521205,0
41059521207,0
41059521204,0
41059521208,0
41059521205,0
41059521207,0
41059521204,0
41059521208,0
41059521205,0
10980916430,0
2719162958,1
41059521207,0
41059521204,0
41059521208,0
2719162836,1
41059521205,0
10980916430,0
41059521207,0
41059521204,0
68179700052,1
2719162958,1
41059521208,0
41059521205,0
41059521206,0
41059521206,0
41059521206,0
41059521206,0
41059521206,0
41059521204,0
41059521206,0
41059521207,0
41059521208,0
41059521205,0
2719162836,1
41059521207,0
41059521204,0
41059521208,0
41059521205,0
41059521207,0
41059521204,0
41059521208,0
41059521205,0
41059521207,0
41059521209,0
41059521208,0
41059521205,0
10980916405,1
10980916430,0
41059521209,0
41059521207,0
2719162894,1
41059521208,0
41059521205,0
68179700053,1
41059521206,0
41059521206,0
41059521206,0
41059521206,0
41059521206,0
41059521208,0
41059521207,0
41059521205,0
41059521209,0
41059521207,0
41059521209,0
41059521208,0
41059521205,0
41059521207,0
41059521209,0
41059521208,0
41059521205,0
10980916405,1
41059521207,0
41059521209,0
41059521208,0
41059521205,0
10980916405,1
10980916430,0
41059521207,0
41059521209,0
2719162894,1
41059521208,0
41059521205,0
10980916430,0
41059521207,0
41059521209,0
68179700014,1
41059521206,0
41059521206,0
41059521206,0
41059521206,0
41059521206,0
41059521205,0
41059521207,0
41059521209,0
41059521208,0
10980916405,1
41059521208,0
41059521205,0
41059521207,0
41059521209,0
41059521208,0
41059521205,0
41059521207,0
41059521209,0
41059521208,0
10980916407,1
68179699928,1
41059521205,0
10980916430,0
41059521207,0
41059521209,0
2719162830,1
41059521208,0
41059521205,0
10980916430,0
10980916405,1
68179700014,1
41059521207,0
41059521209,0
41059521208,0
41059521206,0
41059521206,0
41059521206,0
41059521206,0
41059521207,0
41059521205,0
41059521206,0
41059521209,0
10980916407,1
68179700053,1
41059521208,0
41059521205,0
10980916405,1
41059521207,0
41059521209,0
10980916407,1
41059521208,0
41059521205,0
68179700053,1
41059521207,0
41059521209,0
41059521208,0
68179699927,1
41059521205,0
10980916405,1
10980916430,0
41059521207,0
41059521209,0
68179700014,1
41059521208,0
41059521205,0
10980916405,1
41059521207,0
41059521209,0
41059521208,0
41059521205,0
2719162965,1
41059521206,0
41059521206,0
41059521206,0
41059521206,0
41059521206,0
41059521209,0
41059521206,0
41059521207,0
41059521208,0
41059521205,0
68179700053,1
41059521207,0
41059521209,0
41059521208,0
41059521205,0
41059521207,0
41059521209,0
41059521208,0
41059521205,0
41059521207,0
41059521209,0
41059521208,0
41059521205,0
10980916430,0
41059521207,0
41059521209,0
2719162830,1
41059521208,0
41059521205,0
41059521206,0
41059521206,0
41059521206,0
41059521206,0
41059521208,0
41059521206,0
68179699926,1
41059521207,0
41059521205,0
41059521209,0
10980916407,1
41059521209,0
41059521207,0
41059521208,0
41059521205,0
41059521207,0
41059521209,0
41059521208,0
41059521205,0
41059521207,0
41059521209,0
41059521208,0
10980916407,1
41059521210,0
10980916430,0
68179700122,1
41059521207,0
41059521209,0
2719162830,1
41059521208,0
41059521210,0
68179700122,1
41059521207,0
41059521209,0
68179699927,1
41059521206,0
41059521206,0
41059521206,0
41059521206,0
41059521206,0
41059521208,0
41059521210,0
68179700090,1
10980916406,1
68179699926,1
41059521207,0
41059521209,0
41059521208,0
10980916407,1
41059521210,0
41059521207,0
41059521209,0
41059521208,0
41059521210,0
41059521207,0
41059521209,0
41059521208,0
10980916407,1
41059521210,0
41059521207,0
41059521209,0
41059521208,0
41059521210,0
41059521207,0
41059521209,0
41059521208,0
41059521206,0
41059521206,0
10980916406,1
41059521206,0
41059521206,0
68179699926,1
41059521207,0
41059521210,0
10980916406,1
41059521206,0
41059521209,0
41059521208,0
68179699926,1
41059521210,0
68179700122,1
41059521207,0
41059521209,0
41059521208,0
41059521210,0
68179700122,1
41059521207,0
41059521209,0
41059521208,0
41059521210,0
41059521207,0
41059521209,0
41059521208,0
41059521210,0
10980916410,1
68179699918,0
41059521207,0
41059521209,0
41059521208,0
41059521210,0
41059521206,0
10980916406,1
41059521211,0
41059521211,0
41059521211,0
41059521209,0
41059521211,0
41059521211,0
41059521207,0
41059521208,0
41059521210,0
68179699995,1
41059521207,0
41059521209,0
41059521208,0
41059521210,0
41059521212,0
41059521209,0
41059521208,0
41059521210,0
41059521212,0
41059521209,0
41059521208,0
41059521210,0
68179699918,0
41059521212,0
41059521209,0
41059521208,0
41059521210,0
41059521211,0
41059521211,0
41059521211,0
41059521208,0
41059521211,0
41059521211,0
41059521212,0
41059521210,0
68179699995,1
41059521209,0
68179699995,1
41059521209,0
41059521212,0
41059521208,0
41059521210,0
41059521212,0
41059521209,0
41059521208,0
41059521210,0
10980916410,1
41059521212,0
41059521209,0
41059521208,0
41059521210,0
68179699918,0
2719162894,1
41059521212,0
41059521209,0
41059521208,0
41059521210,0
68179699918,0
41059521212,0
41059521209,0
68179700014,1
41059521211,0
41059521211,0
41059521211,0
41059521211,0
41059521211,0
41059521210,0
41059521212,0
41059521209,0
41059521208,0
41059521208,0
41059521210,0
41059521212,0
41059521209,0
41059521208,0
41059521210,0
41059521212,0
41059521209,0
41059521208,0
41059521210,0
41059521212,0
41059521209,0
41059521208,0
41059521210,0
68179699918,0
41059521212,0
41059521209,0
2719162958,1
41059521213,0
41059521211,0
41059521211,0
41059521211,0
41059521211,0
41059521211,0
41059521212,0
41059521210,0
41059521209,0
41059521213,0
41059521210,0
41059521212,0
41059521209,0
41059521213,0
41059521210,0
10980916410,1
41059521212,0
41059521209,0
41059521213,0
41059521210,0
41059521212,0
41059521209,0
41059521213,0
41059521210,0
68179699918,0
41059521212,0
41059521209,0
10980916409,1
41059521213,0
41059521210,0
41059521211,0
41059521211,0
41059521211,0
41059521211,0
41059521211,0
41059521209,0
41059521211,0
41059521212,0
41059521213,0
41059521210,0
41059521212,0
41059521209,0
41059521213,0
41059521210,0
41059521209,0
41059521212,0
41059521213,0
41059521210,0
41059521212,0
41059521209,0
41059521213,0
41059521210,0
68179699918,0
41059521212,0
2719162894,1
41059521214,0
41059521213,0
41059521210,0
41059521211,0
41059521211,0
41059521211,0
41059521213,0
41059521211,0
41059521211,0
41059521210,0
41059521214,0
41059521212,0
41059521212,0
41059521214,0
10980916478,1
41059521213,0
41059521210,0
41059521212,0
41059521214,0
41059521213,0
10980916478,1
41059521210,0
10980916410,1
41059521212,0
41059521214,0
2719162814,1
41059521213,0
41059521210,0
68179699918,0
41059521212,0
41059521214,0
2719162958,1
41059521213,0
41059521210,0
68179699918,0
41059521212,0
41059521214,0
2719162958,1
2719162814,1
41059521211,0
41059521211,0
41059521211,0
41059521211,0
41059521211,0
41059521210,0
41059521212,0
41059521214,0
41059521213,0
2719162814,1
41059521213,0
41059521210,0
41059521212,0
41059521214,0
41059521213,0
2719162814,1
41059521210,0
41059521212,0
41059521214,0
41059521213,0
41059521210,0
41059521212,0
41059521214,0
41059521213,0
41059521210,0
68179699918,0
41059521212,0
41059521214,0
2719162894,1
10980916478,1
41059521213,0
41059521211,0
41059521211,0
41059521211,0
41059521211,0
41059521212,0
41059521210,0
41059521211,0
41059521214,0
41059521213,0
41059521210,0
41059521212,0
41059521214,0
41059521213,0
41059521210,0
41059521212,0
41059521214,0
41059521213,0
41059521210,0
10980916410,1
41059521212,0
41059521214,0
41059521213,0
41059521210,0
68179699918,0
41059521212,0
41059521214,0
41059521213,0
41059521210,0
41059521211,0
41059521211,0
41059521211,0
41059521214,0
41059521211,0
41059521211,0
41059521211,0
41059521212,0
41059521213,0
41059521210,0
68179699995,1
68179700090,1
41059521212,0
41059521214,0
41059521213,0
41059521210,0
41059521214,0
41059521212,0
41059521213,0
41059521210,0
68179700122,1
41059521212,0
41059521214,0
41059521213,0
41059521210,0
68179699918,0
41059521212,0
41059521214,0
41059521213,0
41059521210,0
41059521211,0
41059521211,0
41059521211,0
41059521211,0
41059521213,0
41059521211,0
41059521212,0
41059521210,0
41059521214,0
68179699995,1
41059521212,0
41059521214,0
41059521213,0
10980916478,1
41059521210,0
41059521212,0
41059521214,0
41059521213,0
10980916478,1
10980916477,1
41059521210,0
41059521212,0
41059521214,0
41059521213,0
41059521210,0
68179699918,0
41059521212,0
41059521214,0
2719162830,1
41059521213,0
41059521215,0
68179699918,0
2719162894,1
41059521212,0
41059521214,0
41059521211,0
41059521211,0
41059521211,0
41059521211,0
41059521211,0
41059521215,0
41059521213,0
10980916411,1
2719162815,1
41059521212,0
41059521214,0
41059521213,0
41059521215,0
68179700159,1
41059521212,0
41059521214,0
41059521213,0
10980916477,1
41059521215,0
68179700159,1
41059521212,0
41059521214,0
41059521213,0
41059521215,0
2719162815,1
10980916477,1
41059521214,0
41059521212,0
41059521213,0
41059521215,0
2719162815,1
41059521212,0
41059521214,0
41059521213,0
41059521211,0
41059521211,0
10980916411,1
41059521212,0
41059521215,0
2719162843,1
41059521211,0
41059521211,0
41059521211,0
41059521214,0
41059521213,0
68179700159,1
41059521215,0
2719162815,1
41059521212,0
41059521214,0
41059521213,0
41059521215,0
68179699935,1
41059521212,0
41059521214,0
41059521213,0
41059521215,0
68179700063,1
41059521212,0
41059521214,0
41059521213,0
41059521215,0
68179700044,0
41059521212,0
41059521214,0
2719162796,1
41059521213,0
41059521215,0
41059521211,0
41059521211,0
10980916411,1
68179699995,1
41059521216,0
41059521216,0
41059521214,0
41059521216,0
41059521216,0
41059521212,0
41059521213,0
41059521215,0
68179700160,1
68179700160,1
41059521212,0
41059521214,0
41059521213,0
41059521215,0
41059521212,0
41059521214,0
41059521213,0
41059521215,0
68179700063,1
41059521217,0
41059521214,0
41059521213,0
41059521215,0
68179700044,0
41059521217,0
41059521214,0
2719162956,1
41059521213,0
41059521215,0
41059521216,0
41059521216,0
41059521216,0
41059521216,0
41059521217,0
41059521216,0
41059521214,0
68179699936,1
68179699936,1
68179700160,1
41059521213,0
41059521215,0
41059521217,0
41059521214,0
41059521213,0
41059521215,0
41059521217,0
41059521214,0
41059521213,0
41059521215,0
68179700159,1
41059521217,0
41059521214,0
41059521213,0
41059521215,0
68179700159,1
41059521217,0
41059521214,0
41059521213,0
41059521215,0
41059521217,0
41059521214,0
41059521216,0
41059521216,0
41059521216,0
41059521216,0
41059521216,0
41059521213,0
41059521215,0
41059521217,0
41059521214,0
10980916480,1
10980916480,1
2719162847,1
68179699937,1
41059521213,0
41059521215,0
68179700159,1
41059521217,0
41059521214,0
41059521213,0
41059521215,0
2719162847,1
41059521217,0
41059521214,0
41059521213,0
41059521215,0
2719162847,1
41059521214,0
41059521217,0
41059521213,0
41059521215,0
41059521217,0
41059521214,0
41059521213,0
41059521216,0
41059521216,0
41059521216,0
41059521216,0
41059521216,0
41059521217,0
41059521215,0
68179699936,1
68179700160,1
68179700160,1
68179700160,1
41059521214,0
41059521218,0
41059521215,0
2719162847,1
41059521217,0
41059521214,0
41059521218,0
41059521215,0
10980916415,1
41059521217,0
41059521214,0
41059521218,0
41059521215,0
41059521214,0
41059521217,0
41059521218,0
41059521215,0
68179700044,0
68179700159,1
2719162828,1
41059521217,0
41059521214,0
10980916417,1
41059521218,0
41059521215,0
2719162847,1
41059521216,0
41059521216,0
41059521216,0
41059521216,0
41059521216,0
41059521216,0
68179700160,1
41059521214,0
41059521217,0
41059521218,0
41059521215,0
68179700160,1
68179699937,1
41059521217,0
41059521214,0
41059521218,0
41059521215,0
68179700159,1
41059521217,0
41059521214,0
41059521218,0
41059521215,0
2719162847,1
41059521217,0
41059521214,0
41059521218,0
68179699937,1
41059521215,0
68179700044,0
68179700140,1
41059521217,0
41059521214,0
10980916417,1
41059521218,0
41059521215,0
41059521216,0
41059521216,0
41059521216,0
41059521216,0
41059521216,0
41059521218,0
41059521217,0
41059521215,0
41059521219,0
10980916417,1
41059521217,0
41059521219,0
41059521218,0
41059521215,0
68179700034,1
41059521217,0
41059521219,0
41059521218,0
10980916417,1
41059521215,0
68179699935,1
41059521217,0
41059521219,0
41059521218,0
68179700130,1
41059521215,0
68179700044,0
68179700063,1
68179700140,1
41059521217,0
41059521219,0
41059521218,0
41059521215,0
68179700130,1
41059521219,0
41059521217,0
41059521216,0
41059521216,0
41059521216,0
41059521216,0
41059521216,0
41059521218,0
41059521215,0
41059521217,0
41059521219,0
68179699936,1
68179699938,1
68179699936,1
10980916416,1
41059521218,0
41059521215,0
68179700130,1
41059521217,0
41059521219,0
41059521218,0
10980916386,1
41059521215,0
2719162847,1
41059521217,0
41059521219,0
41059521218,0
41059521215,0
2719162847,1
41059521217,0
41059521219,0
41059521218,0
41059521215,0
41059521217,0
41059521219,0
41059521218,0
10980916386,1
41059521216,0
41059521216,0
41059521216,0
41059521216,0
41059521216,0
41059521217,0
41059521215,0
41059521218,0
41059521219,0
68179700160,1
68179699936,1
10980916480,1
10980916480,1
10980916386,1
2719162847,1
41059521215,0
2719162847,1
41059521217,0
41059521219,0
41059521218,0
10980916385,1
68179700099,1
41059521215,0
10980916415,1
41059521217,0
41059521219,0
41059521218,0
68179700099,1
41059521215,0
68179700063,1
41059521217,0
41059521219,0
10980916419,1
41059521218,0
41059521215,0
10980916383,1
41059521217,0
41059521219,0
41059521218,0
68179700131,1
41059521215,0
2719162847,1
41059521216,0
41059521216,0
41059521216,0
41059521216,0
41059521216,0
41059521216,0
10980916480,1
41059521219,0
41059521217,0
41059521218,0
41059521215,0
68179700131,1
10980916480,1
68179699936,1
68179699936,1
68179699938,1
2719162847,1
41059521217,0
41059521219,0
41059521218,0
10980916385,1
68179700099,1
10980916386,1
41059521215,0
2719162847,1
41059521217,0
41059521219,0
41059521218,0
68179700099,1
41059521215,0
2719162847,1
41059521217,0
41059521219,0
41059521218,0
41059521215,0
10980916386,1
2719162847,1
41059521217,0
41059521219,0
41059521218,0
68179700099,1
41059521215,0
68179700034,1
41059521216,0
41059521216,0
41059521216,0
41059521216,0
41059521216,0
41059521218,0
41059521215,0
41059521219,0
41059521217,0
68179699936,1
68179699936,1
10980916416,1
10980916415,1
2719162787,1
41059521217,0
41059521219,0
41059521218,0
68179700099,1
41059521215,0
2719162847,1
41059521217,0
41059521219,0
41059521218,0
68179700131,1
41059521215,0
41059521217,0
41059521219,0
41059521218,0
41059521215,0
2719162847,1
41059521217,0
41059521219,0
41059521218,0
10980916387,1
41059521215,0
41059521219,0
41059521217,0
10980916387,1
41059521216,0
41059521216,0
41059521216,0
41059521216,0
41059521216,0
10980916480,1
10980916480,1
10980916480,1
41059521220,0
41059521218,0
41059521217,0
41059521219,0
10980916417,1
41059521218,0
10980916386,1
41059521220,0
10980916388,1
41059521217,0
41059521219,0
41059521218,0
10980916387,1
41059521220,0
68179700100,1
41059521217,0
41059521219,0
41059521218,0
41059521220,0
10980916388,1
41059521217,0
41059521219,0
41059521218,0
10980916385,1
41059521220,0
41059521217,0
41059521219,0
41059521218,0
68179700099,1
41059521216,0
41059521216,0
41059521216,0
41059521216,0
41059521216,0
41059521217,0
41059521220,0
68179699936,1
41059521219,0
10980916416,1
41059521218,0
10980916387,1
10980916480,1
10980916480,1
41059521220,0
10980916420,1
41059521217,0
41059521219,0
41059521218,0
68179699937,1
10980916387,1
41059521220,0
2719162884,1
41059521217,0
41059521219,0
41059521218,0
41059521220,0
68179699972,1
41059521217,0
41059521219,0
41059521218,0
41059521220,0
41059521217,0
41059521219,0
41059521218,0
10980916419,1
41059521220,0
41059521216,0
41059521216,0
41059521216,0
10980916416,1
41059521221,0
41059521221,0
41059521221,0
41059521219,0
41059521217,0
10980916416,1
41059521218,0
41059521220,0
41059521217,0
41059521219,0
10980916385,1
10980916419,1
41059521218,0
41059521220,0
2719162884,1
41059521217,0
41059521219,0
10980916419,1
41059521218,0
41059521220,0
68179700100,1
41059521217,0
41059521219,0
41059521218,0
41059521220,0
68179699972,1
41059521219,0
41059521222,0
41059521218,0
68179700099,1
41059521220,0
10980916420,1
41059521221,0
41059521221,0
41059521221,0
41059521221,0
41059521221,0
41059521218,0
41059521222,0
41059521220,0
41059521219,0
68179700100,1
10980916387,1
68179700101,1
10980916386,1
41059521222,0
41059521219,0
10980916387,1
41059521218,0
41059521220,0
2719162884,1
10980916386,1
41059521222,0
41059521219,0
10980916419,1
41059521218,0
41059521220,0
2719162884,1
41059521222,0
41059521219,0
41059521218,0
41059521220,0
10980916388,1
41059521222,0
41059521219,0
41059521218,0
68179700102,1
68179700099,1
41059521220,0
10980916388,1
41059521222,0
41059521219,0
10980916419,1
41059521221,0
41059521221,0
41059521221,0
41059521221,0
41059521221,0
41059521220,0
41059521218,0
41059521222,0
41059521219,0
2719162949,1
2719162949,1
10980916387,1
2719162949,1
2719162949,1
41059521218,0
41059521220,0
41059521219,0
10980916387,1
41059521222,0
41059521218,0
41059521220,0
68179700100,1
41059521222,0
41059521219,0
41059521218,0
41059521220,0
41059521222,0
41059521219,0
41059521218,0
10980916419,1
41059521220,0
41059521222,0
41059521219,0
68179699907,1
41059521218,0
41059521221,0
41059521221,0
41059521221,0
41059521221,0
41059521221,0
41059521222,0
41059521220,0
41059521219,0
10980916388,1
41059521218,0
41059521220,0
41059521222,0
41059521219,0
41059521223,0
41059521220,0
41059521222,0
41059521219,0
41059521223,0
41059521220,0
10980916420,1
41059521222,0
41059521219,0
41059521223,0
41059521220,0
41059521222,0
41059521219,0
10980916387,1
41059521223,0
41059521220,0
2719162983,1
10980916388,1
41059521221,0
41059521221,0
41059521221,0
41059521221,0
41059521221,0
41059521221,0
41059521219,0
41059521222,0
41059521223,0
41059521220,0
68179700101,1
68179700071,1
68179700100,1
68179700101,1
68179699973,1
41059521222,0
41059521219,0
41059521223,0
68179699975,1
41059521220,0
41059521222,0
41059521219,0
41059521223,0
68179700071,1
10980916387,1
41059521220,0
10980916420,1
41059521222,0
41059521219,0
41059521223,0
41059521220,0
10980916420,1
41059521222,0
41059521219,0
10980916387,1
41059521223,0
41059521220,0
41059521221,0
41059521221,0
41059521221,0
41059521221,0
41059521221,0
41059521223,0
41059521222,0
41059521220,0
41059521219,0
68179700103,1
2719162884,1
41059521222,0
41059521224,0
41059521223,0
68179699975,1
41059521220,0
41059521222,0
41059521224,0
41059521223,0
68179699975,1
41059521220,0
41059521222,0
41059521224,0
41059521223,0
41059521220,0
41059521222,0
41059521224,0
41059521223,0
41059521220,0
68179700100,1
41059521222,0
41059521190,0
41059521190,0
41059521224,0
41059521190,0
41059521190,0
41059521225,0
41059521225,0
41059521225,0
41059521225,0
41059521226,0
41059521226,0
2719162954,1
41059521226,0
41059521226,0
2719162954,1
41059521226,0
41059521226,0
68179700042,1
68179700042,1
41059521226,0
41059521226,0
41059521226,0
41059521226,0
2719162954,1
68179700042,1
41059521226,0
2719162974,0
68179700042,1
41059521227,0
41059520757,0
41059521226,0
41059520760,0
41059521226,0
41059521226,0
41059521228,0
41059520759,0
68179700140,1
41059521226,0
68179700042,1
41059521226,0
41059521226,0
41059521229,0
10980916366,0
10980916366,0
41059521226,0
41059521226,0
68179700042,1
41059520757,0
41059521228,0
41059521229,0
41059520760,0
41059520759,0
41059521227,0
68179699928,1
68179699915,1
41059520757,0
10980916405,1
41059521228,0
2719162956,1
41059521229,0
41059521227,0
68179700043,1
41059521228,0
2719162956,1
41059521229,0
41059520759,0
41059520760,0
41059521227,0
68179700043,1
41059520757,0
2719162837,1
41059521228,0
68179700140,1
41059521229,0
41059520760,0
41059520759,0
41059521227,0
41059520757,0
68179700053,1
41059521228,0
2719162956,1
41059521229,0
41059521226,0
41059521226,0
41059521227,0
41059520757,0
41059520760,0
41059520759,0
68179700053,1
41059521228,0
41059521229,0
41059520760,0
41059521227,0
41059520759,0
68179699915,1
41059520757,0
41059521228,0
2719162956,1
41059521229,0
41059521227,0
2719162795,1
41059521228,0
2719162956,1
41059521229,0
41059521227,0
68179700043,1
41059520757,0
10980916405,1
41059521228,0
41059521229,0
41059520759,0
41059520760,0
41059521227,0
68179699915,1
41059520757,0
68179700053,1
41059521228,0
10980916396,1
41059521229,0
41059521227,0
41059520757,0
41059520760,0
41059520759,0
41059521228,0
41059521229,0
10980916396,1
41059520760,0
41059520759,0
41059521227,0
2719163003,0
68179699915,1
41059520763,1
41059520757,0
41059521228,0
10980916428,1
41059521229,0
68179699917,1
41059521227,0
2719162795,1
41059521228,0
10980916396,1
41059521229,0
41059521227,0
68179699915,1
41059521228,0
10980916428,1
41059521229,0
41059520759,0
41059520760,0
41059521227,0
41059520757,0
41059521228,0
41059521229,0
41059520759,0
41059520760,0
41059521227,0
41059520757,0
68179700053,1
41059521228,0
41059521229,0
10980916428,1
41059520760,0
41059521227,0
41059520759,0
41059520757,0
41059521228,0
41059521229,0
41059520760,0
41059520759,0
41059521227,0
68179699915,1
41059521228,0
41059521229,0
41059521227,0
68179699915,1
41059521228,0
10980916396,1
41059521229,0
41059520760,0
41059521227,0
41059520759,0
41059520757,0
41059521228,0
10980916396,1
41059521229,0
41059520759,0
41059520760,0
41059521227,0
41059520757,0
41059521228,0
41059521227,0
41059520759,0
41059520760,0
68179699927,1
41059521229,0
41059520757,0
10980916405,1
41059521230,0
41059521229,0
41059520759,0
41059520760,0
41059521227,0
68179699927,1
10980916395,1
41059520757,0
10980916405,1
41059521230,0
41059521229,0
41059521227,0
68179699915,1
41059521230,0
41059521229,0
41059520760,0
41059521227,0
41059520759,0
68179699915,1
41059520757,0
10980916405,1
41059521230,0
41059521229,0
41059520760,0
41059521227,0
41059520759,0
10980916395,1
41059520757,0
41059521230,0
41059521229,0
41059521227,0
41059521230,0
68179700014,1
41059521229,0
41059520759,0
41059520760,0
41059521227,0
68179699915,1
41059520757,0
10980916405,1
41059521230,0
41059521229,0
41059521227,0
41059521230,0
2719162894,1
41059521229,0
41059521227,0
41059520814,0
41059521230,0
2719162958,1
41059521229,0
41059520760,0
41059521227,0
41059520759,0
68179700043,1
41059520814,0
68179700014,1
41059521230,0
2719162894,1
41059521229,0
41059521227,0
10980916395,1
41059521230,0
41059521229,0
2719162894,1
41059521227,0
68179700043,1
41059520814,0
41059521230,0
41059521229,0
41059521227,0
68179700139,1
41059521230,0
68179700014,1
41059521229,0
41059521227,0
68179700139,1
41059520814,0
68179700014,1
41059521230,0
2719162958,1
41059521231,0
41059520760,0
41059520759,0
41059521227,0
10980916407,1
68179699915,1
41059520814,0
2719162958,1
41059521230,0
41059521231,0
41059521227,0
41059521230,0
41059521231,0
2719162894,1
41059521227,0
68179699915,1
41059521230,0
2719162894,1
41059521231,0
41059520760,0
41059520759,0
41059521227,0
68179700043,1
41059521230,0
68179700014,1
41059521231,0
41059521227,0
68179700139,1
41059521230,0
2719162894,1
41059521231,0
41059520760,0
41059520759,0
41059521227,0
68179700043,1
41059520814,0
41059521230,0
41059521231,0
41059520760,0
41059520759,0
41059521227,0
10980916395,1
41059521230,0
41059521227,0
10980916395,1
41059521231,0
41059521230,0
2719162894,1
41059521231,0
41059520760,0
41059521227,0
68179700043,1
41059520759,0
41059521230,0
68179700014,1
41059521231,0
41059521227,0
68179700139,1
41059521230,0
41059521231,0
41059520760,0
41059520759,0
41059521227,0
68179700043,1
41059520814,0
41059521230,0
41059521231,0
41059520759,0
41059520848,0
41059521227,0
10980916395,1
41059520814,0
2719162958,1
41059521230,0
41059521231,0
41059521227,0
41059521230,0
41059521231,0
41059521227,0
10980916427,1
41059521230,0
41059521231,0
41059521227,0
41059521230,0
2719162958,1
41059521231,0
41059520848,0
41059521227,0
41059520850,0
10980916427,1
41059520814,0
2719162894,1
41059521230,0
41059521231,0
41059520850,0
41059520848,0
41059521227,0
68179700082,1
41059520814,0
2719162958,1
41059521230,0
2719162958,1
41059521231,0
68179699983,1
41059521227,0
41059521230,0
41059521231,0
41059520846,1
41059521227,0
10980916395,1
41059521230,0
41059521231,0
41059521227,0
10980916427,1
41059521230,0
2719162958,1
41059521231,0
41059521227,0
10980916427,1
41059520814,0
2719162958,1
41059521230,0
41059521231,0
41059520848,0
41059521227,0
41059520850,0
68179699954,1
41059520814,0
41059521230,0
41059520910,1
41059521231,0
41059521227,0
41059521230,0
41059521231,0
2719162958,1
41059521227,0
41059521230,0
2719162958,1
41059521231,0
68179699983,1
41059521227,0
41059521230,0
2719162894,1
41059521231,0
41059521227,0
10980916427,1
41059521230,0
2719162958,1
41059521231,0
68179700111,1
41059520848,0
10980916412,0
41059520850,0
10980916370,1
41059520814,0
41059521230,0
41059521231,0
68179700111,1
41059520848,0
10980916412,0
41059520850,0
68179699984,1
10980916370,1
41059520814,0
41059521230,0
10980916412,0
41059521231,0
41059520814,0
41059521230,0
41059520846,1
41059521231,0
10980916412,0
41059521230,0
2719162894,1
41059521231,0
10980916412,0
41059521230,0
41059521231,0
41059520850,0
41059520848,0
10980916412,0
68179699984,1
41059520814,0
2719162958,1
41059521230,0
41059521231,0
41059520848,0
10980916412,0
41059520850,0
68179699986,1
41059520814,0
41059521230,0
2719162958,1
41059521231,0
10980916412,0
41059520814,0
41059521230,0
2719162958,1
41059521231,0
10980916412,0
41059521230,0
2719162830,1
41059521231,0
10980916412,0
41059521230,0
2719162894,1
41059521231,0
41059520850,0
41059520848,0
10980916412,0
68179700016,1
41059520814,0
2719162958,1
41059521230,0
2719162894,1
41059521231,0
68179699983,1
41059520850,0
41059520848,0
10980916412,0
68179699986,1
68179699984,1
41059520814,0
41059520846,1
41059521230,0
2719162830,1
41059521231,0
68179700111,1
10980916412,0
41059521230,0
41059521231,0
2719162830,1
68179700111,1
10980916412,0
41059521230,0
68179700014,1
41059521231,0
10980916412,0
41059521230,0
41059521231,0
41059520848,0
41059520850,0
10980916412,0
68179700016,1
41059520814,0
2719162894,1
41059521230,0
2719162894,1
41059521231,0
68179699983,1
41059520848,0
10980916412,0
41059520850,0
68179700016,1
68179699986,1
41059520814,0
2719162958,1
41059521230,0
2719162894,1
41059521231,0
10980916412,0
41059521230,0
41059521231,0
2719162830,1
68179699983,1
10980916412,0
41059521230,0
2719162894,1
41059521231,0
68179700111,1
10980916412,0
41059521230,0
2719162830,1
41059521231,0
10980916412,0
41059520814,0
41059521230,0
2719162830,1
41059521231,0
41059520848,0
41059520850,0
10980916412,0
68179700016,1
41059520814,0
2719162830,1
41059521230,0
2719162958,1
41059521231,0
41059520848,0
10980916412,0
41059520850,0
68179699952,1
68179700082,1
41059521230,0
2719162894,1
10980916412,0
41059521231,0
41059521230,0
2719162958,1
41059521231,0
10980916412,0
10980916416,0
41059521231,0
10980916412,0
10980916416,0
41059521231,0
41059520850,0
41059520848,0
10980916412,0
68179700016,1
41059520814,0
2719162894,1
10980916416,0
41059521231,0
10980916412,0
41059520850,0
41059520848,0
2719162834,1
68179700016,1
41059520814,0
2719162894,1
10980916416,0
10980916480,1
41059521231,0
10980916412,0
10980916416,0
68179700160,1
41059521231,0
10980916412,0
10980916416,0
68179700160,1
41059521231,0
68179699951,1
10980916412,0
10980916416,0
41059521231,0
41059520850,0
41059520848,0
10980916412,0
10980916434,0
10980916416,0
41059521231,0
41059520850,0
41059520848,0
10980916412,0
68179699954,1
2719162960,1
10980916434,0
10980916416,0
41059521231,0
68179699983,1
10980916412,0
10980916416,0
41059521231,0
68179699983,1
10980916412,0
10980916416,0
10980916480,1
41059521231,0
10980916412,0
10980916416,0
68179699936,1
41059521231,0
10980916412,0
41059520848,0
41059520850,0
68179699984,1
10980916434,0
10980916416,0
68179699936,1
41059521231,0
41059520848,0
10980916412,0
41059520850,0
68179700016,1
10980916434,0
10980916416,0
10980916417,0
10980916412,0
10980916416,0
10980916417,0
10980916412,0
10980916416,0
68179700160,1
10980916417,0
10980916412,0
10980916416,0
10980916417,0
10980916412,0
10980916434,0
10980916416,0
10980916417,0
41059520848,0
41059520850,0
10980916412,0
68179699952,1
10980916434,0
10980916416,0
10980916417,0
41059520848,0
41059520850,0
10980916412,0
10980916416,0
10980916480,1
10980916412,0
10980916417,0
10980916416,0
10980916417,0
10980916412,0
10980916416,0
10980916417,0
10980916412,0
10980916416,0
10980916417,0
68179699937,1
41059520848,0
41059520850,0
10980916412,0
10980916434,0
10980916416,0
10980916417,0
41059520848,0
41059520850,0
10980916412,0
10980916434,0
10980916416,0
10980916417,0
68179699937,1
10980916412,0
10980916416,0
41059520768,1
10980916417,0
10980916412,0
10980916416,0
10980916417,0
10980916412,0
10980916416,0
10980916417,0
68179700129,1
10980916411,0
10980916435,0
10980916412,0
68179700091,1
10980916434,0
10980916416,0
10980916417,0
10980916411,0
10980916435,0
10980916412,0
10980916434,0
10980916416,0
10980916480,1
10980916417,0
68179699937,1
10980916412,0
10980916416,0
10980916417,0
68179700160,1
68179699937,1
10980916412,0
10980916416,0
10980916417,0
10980916416,0
10980916417,0
68179700129,1
10980916416,0
68179700160,1
10980916417,0
68179700129,1
10980916416,0
10980916480,1
10980916417,0
68179700129,1
10980916417,0
68179699937,1
10980916416,0
10980916417,0
68179699937,1
10980916416,0
68179700160,1
10980916417,0
68179700129,1
10980916416,0
68179699936,1
10980916417,0
68179699937,1
10980916416,0
68179699936,1
10980916416,0
68179699936,1
10980916416,0
68179699936,1
10980916416,0
10980916435,0
10980916454,0
10980916467,1
10980916416,0
10980916454,0
10980916416,0
10980916416,0
10980916416,0
10980916435,0
10980916467,1
10980916416,0
10980916454,0
10980916416,0
10980916480,1
10980916454,0
68179700006,1
10980916416,0
68179699936,1
10980916416,0
41059520768,1
10980916416,0
10980916416,0
68179699936,1
10980916416,0
68179699936,1
10980916415,0
10980916454,0
10980916416,0
10980916416,0
68179699936,1
10980916416,0
68179699936,1
10980916416,0
10980916480,1
10980916416,0
10980916480,1
10980916416,0
10980916480,1
10980916417,0
68179699937,1
10980916435,0
10980916467,1
10980916435,0
68179699955,1
10980916417,0
10980916435,0
10980916467,1
10980916435,0
10980916467,1
10980916415,0
68179699953,0
68179699985,1
68179699953,0
68179699985,1
68179699953,0
68179699985,1
10980916411,0
10980916435,0
68179699995,1
10980916467,1
68179699953,0
68179699985,1
10980916411,0
10980916435,0
68179699995,1
68179699955,1
68179699953,0
68179700081,1
10980916415,0
68179699938,0
68179700034,1
10980916411,0
68179699995,1
68179699938,0
2719162786,1
10980916415,0
68179699975,0
10980916454,0
10980916454,0
68179699972,0
68179699975,0
68179700071,1
68179699938,0
68179700034,1
68179699953,0
68179699985,1
68179699927,0
68179699927,0
68179699972,0
68179699975,0
2719162884,1
68179700071,1
68179699927,0
68179699972,0
68179699975,0
68179700071,1
68179700004,0
2719162884,1
68179699953,0
68179699985,1
68179699975,0
68179700071,1
68179699953,0
68179699985,1
68179700004,0
68179700100,1
68179700004,0
68179700004,0
68179700100,1
68179699973,0
68179700101,1
68179700004,0
68179700100,1
68179700004,0
68179700100,1
68179699927,0
68179700004,0
2719162980,1
68179700004,0
2719162980,1
68179700004,0
68179700100,1
68179699953,0
68179699985,1
68179700004,0
2719162884,1
68179699953,0
68179699985,1
68179700004,0
68179699953,0
68179699985,1
68179700004,0
68179700004,0
68179700100,1
68179700004,0
68179700100,1
68179700004,0
2719162884,1
68179699972,0
68179699975,0
68179700100,1
68179700004,0
68179700100,1
68179700004,0
68179700100,1
68179700043,0
68179700139,1
68179699975,0
68179700043,0
68179700139,1
68179700004,0
2719162884,1
68179700004,0
68179700100,1
68179700043,0
68179700063,0
68179700043,0
68179700139,1
68179700004,0
68179700100,1
68179700004,0
68179700071,0
41059520871,1
68179700004,0
68179700071,0
2719162983,1
68179700004,0
68179700043,0
68179700071,0
2719162983,1
68179700004,0
2719162884,1
68179700063,0
68179700159,1
68179700071,0
68179700004,0
68179700004,0
68179700100,1
68179700071,0
68179700103,1
68179700071,0
68179700004,0
2719162884,1
68179700071,0
68179700004,0
68179700100,1
68179700071,0
68179700063,0
68179700159,1
68179700071,0
2719162983,1
68179700071,0
68179700071,0
68179700103,1
68179700004,0
68179700100,1
68179700071,0
68179700004,0
68179700100,1
68179700090,0
68179700122,1
68179700063,0
2719162847,1
68179700004,0
68179700100,1
68179700071,0
2719162983,1
68179700091,0
68179700043,0
68179700103,0
2719162983,1
68179700063,0
68179700043,0
68179700043,0
68179700139,1
68179700043,0
68179700139,1
68179700043,0
2719162955,1
68179700103,0
2719162983,1
68179700063,0
68179700043,0
68179700103,0
68179700043,0
68179700139,1
68179700063,0
68179700043,0
2719162955,1
68179700043,0
68179700139,1
68179700043,0
68179700139,1
68179700043,0
2719162955,1
68179700063,0
2719162847,1
68179700043,0
68179700139,1
68179700071,0
2719162983,1
68179700071,0
2719162983,1
68179700071,0
68179700063,0
68179700071,0
68179700071,0
68179700063,0
2719162847,1
68179700063,0
68179700063,0
68179700160,0
68179700160,0
68179700160,0
41059520864,1
68179700160,0
68179700063,0
68179700160,0
68179700160,0
68179700160,0
68179700071,0
2719162778,0
68179700160,0
68179700090,0
68179700122,1
68179700160,0
68179700160,0
68179700160,0
68179700160,0
68179700091,0
68179700160,0
68179700160,0
68179700091,0
68179700091,0
41059520731,1
68179700160,0
41059520864,1
68179700091,0
41059520795,1
68179700160,0
68179700160,0
2719162804,0
2719162836,1
68179700160,0
41059520768,1
2719162805,0
2719162837,1
68179700160,0
68179700160,0
2719162805,0
2719162837,1
2719162786,0
2719162805,0
68179700160,0
68179700160,0
68179700160,0
2719163008,1
68179700160,0
68179700160,0
68179700160,0
41059521225,0
41059521225,0
41059521232,0
41059521232,0
68179700016,1
68179699952,1
41059521232,0
68179699984,1
2719162839,0
41059521233,0
68179699985,1
41059521232,0
41059521232,0
68179699984,1
41059521232,0
41059521232,0
68179699984,1
41059521232,0
41059521232,0
10980916421,0
68179700101,1
2719162997,0
41059520725,1
41059521232,0
68179699952,1
2719162839,0
41059521234,0
68179699986,1
41059521235,0
2719162835,1
41059521234,0
41059521236,0
41059521237,0
68179700053,1
37265539518,0
37265539519,0
41059521234,0
37265539520,0
41059520864,1
37265539521,0
68179700129,1
37265539522,0
41059521234,0
68179699986,1
37265539523,0
68179699907,1
37265539524,0
68179700100,1
37265539525,0
37265539526,0
41059521234,0
68179700082,1
37265539527,0
37265539528,0
37265539529,0
41059521234,0
68179699954,1
2719162823,0
41059521234,0
37265539530,0
37265539531,0
37265539532,0
2719162796,1
37265539533,0
37265539534,0
3927990974,0
41059521234,0
3927990975,0
3927990976,0
68179699936,1
43398299601,0
41059521234,0
2719162769,1
68179699954,1
43398299602,0
68179700082,1
43398299603,0
68179699955,1
43398299604,0
41059521234,0
68179700052,1
68179699954,1
43398299605,0
2719162778,0
41059520757,0
2719162837,1
43398299606,0
41059521234,0
10980916370,1
43398299607,0
10980916432,0
2719162832,1
10980916432,0
68179700016,1
43398299608,0
2719162816,0
41059521234,0
2719162797,0
43398299609,0
10980916409,1
10980916399,0
43398299610,0
68179700122,1
43398299611,0
41059520763,1
43398299612,0
43398299611,0
43398299610,0
43398299611,0
43398299613,0
41059520795,1
43398299610,0
10980916410,1
43398299614,0
43398299612,0
43398299615,0
68179700159,1
43398299610,0
43398299613,0
43398299615,0
43398299610,0
43398299614,0
43398299614,0
43398299610,0
43398299613,0
2719162977,0
43398299616,0
41059520864,1
43398299610,0
43398299616,0
41059520864,1
43398299610,0
2719162977,0
43398299617,0
68179699937,1
43398299614,0
43398299610,0
43398299610,0
68179700122,1
2719162977,0
29107545280,0
29107545281,0
2719162977,0
43398299614,0
10980916478,1
43398299610,0
43398299610,0
43398299613,0
2719162977,0
2719162977,0
29107545281,0
29107545281,0
10980916385,1
2719162977,0
68179699937,1
29107545282,0
43398299610,0
43398299613,0
2719162977,0
29107545283,0
10980916387,1
43398299610,0
43398299612,0
43398299614,0
68179700062,1
43398299610,0
43398299614,0
43398299613,0
2719162977,0
29107545284,0
68179700100,1
43398299610,0
2719162977,0
43398299615,0
68179700159,1
43398299610,0
2719162977,0
29107545282,0
29107545285,0
68179700101,1
43398299610,0
29107545282,0
10980916418,1
43398299610,0
43398299616,0
41059520864,1
43398299616,0
43398299610,0
68179700122,1
43398299616,0
41059520864,1
43398299610,0
10980916410,1
29107545285,0
68179700101,1
43398299616,0
68179699936,1
43398299610,0
2719162977,0
68179699937,1
29107545285,0
43398299610,0
29107545282,0
10980916418,1
43398299610,0
43398299616,0
43398299616,0
43398299610,0
43398299616,0
41059520864,1
43398299610,0
10980916410,1
29107545284,0
29107545286,0
43398299610,0
43398299614,0
43398299610,0
43398299614,0
43398299611,0
2719162843,1
43398299610,0
43398299611,0
43398299612,0
43398299611,0
2719162843,1
43398299610,0
43398299611,0
43398299610,0
43398299613,0
68179700122,1
29107545287,0
2719162983,1
43398299614,0
68179700062,1
43398299610,0
43398299613,0
43398299615,0
43398299610,0
43398299614,0
43398299610,0
43398299611,0
43398299616,0
41059520864,1
43398299610,0
29107545285,0
2719162949,1
43398299610,0
10980916410,1
43398299616,0
29107545282,0
43398299610,0
43398299612,0
43398299616,0
43398299610,0
43398299613,0
29107545283,0
68179700099,1
29107545287,0
43398299610,0
29107545282,0
43398299610,0
10980916410,1
29107545282,0
10980916386,1
29107545282,0
10980916386,1
43398299610,0
10980916410,1
29107545282,0
43398299610,0
2719162977,0
68179700122,1
29107545285,0
43398299610,0
43398299611,0
10980916410,1
2719162843,1
29107545282,0
68179700034,1
43398299610,0
43398299616,0
43398299613,0
43398299610,0
29107545282,0
10980916386,1
29107545285,0
43398299610,0
43398299610,0
10980916410,1
43398299614,0
43398299614,0
68179700062,1
43398299614,0
10980916478,1
43398299610,0
10980916410,1
43398299616,0
68179699936,1
43398299610,0
43398299613,0
29107545282,0
68179700034,1
43398299611,0
43398299610,0
10980916410,1
29107545282,0
43398299610,0
10980916410,1
29107545285,0
29107545282,0
43398299610,0
29107545282,0
43398299610,0
43398299611,0
29107545288,0
68179700072,1
43398299612,0
43398299613,0
43398299611,0
29107545288,0
43398299611,0
68179699995,1
43398299611,0
29107545288,0
43398299616,0
29107545288,0
29107545289,0
29107545288,0
43398299617,0
43398299617,0
29107545288,0
29107545282,0
43398299611,0
68179699995,1
29107545288,0
29107545287,0
2719162983,1
29107545288,0
29107545287,0
43398299612,0
43398299616,0
29107545288,0
2719162977,0
68179700129,1
43398299615,0
2719162815,1
43398299615,0
2719162815,1
29107545288,0
68179700072,1
29107545285,0
29107545288,0
29107545290,0
29107545288,0
43398299613,0
29107545291,0
68179700139,1
43398299614,0
29107545288,0
68179700072,1
43398299614,0
29107545288,0
43398299613,0
2719162977,0
29107545285,0
2719162949,1
43398299617,0
68179699937,1
29107545288,0
29107545287,0
2719162983,1
29107545288,0
29107545287,0
2719162983,1
29107545287,0
2719162983,1
29107545288,0
43398299612,0
29107545292,0
29107545288,0
43398299613,0
43398299616,0
41059520864,1
43398299616,0
29107545288,0
29107545284,0
43398299616,0
41059520864,1
29107545288,0
29107545293,0
29107545288,0
29107545293,0
29107545293,0
29107545288,0
43398299612,0
43398299613,0
29107545293,0
29107545288,0
29107545293,0
29107545293,0
29107545288,0
29107545293,0
29107545288,0
29107545293,0
29107545293,0
29107545288,0
29107545293,0
29107545288,0
29107545293,0
43398299612,0
43398299613,0
29107545293,0
29107545288,0
29107545293,0
29107545288,0
29107545293,0
29107545288,0
29107545293,0
29107545293,0
29107545293,0
29107545288,0
29107545293,0
29107545288,0
29107545293,0
29107545288,0
43398299612,0
43398299613,0
29107545293,0
29107545293,0
29107545288,0
29107545293,0
29107545288,0
29107545293,0
29107545293,0
29107545288,0
29107545293,0
29107545288,0
29107545293,0
29107545293,0
29107545288,0
43398299612,0
43398299613,0
29107545293,0
29107545288,0
29107545293,0
29107545293,0
29107545288,0
29107545293,0
29107545293,0
29107545288,0
29107545293,0
29107545288,0
29107545293,0
29107545293,0
29107545288,0
29107545288,0
43398299612,0
43398299613,0
29107545293,0
29107545293,0
68179700013,1
29107545293,0
29107545288,0
29107545288,0
29107545293,0
29107545293,0
68179699917,1
29107545293,0
68179699917,1
29107545288,0
29107545293,0
29107545288,0
29107545293,0
43398299612,0
43398299613,0
29107545293,0
29107545288,0
29107545293,0
29107545288,0
29107545293,0
29107545293,0
29107545288,0
29107545293,0
29107545288,0
29107545293,0
29107545293,0
29107545288,0
29107545293,0
29107545288,0
43398299612,0
43398299613,0
29107545293,0
29107545293,0
29107545288,0
29107545293,0
29107545288,0
29107545294,0
68179700014,1
29107545294,0
68179700014,1
29107545288,0
29107545294,0
2719162894,1
29107545288,0
29107545294,0
68179700014,1
29107545288,0
29107545294,0
68179700014,1
43398299612,0
43398299613,0
29107545294,0
2719162894,1
29107545288,0
29107545294,0
2719162894,1
29107545294,0
29107545288,0
29107545294,0
2719162958,1
29107545288,0
29107545294,0
2719162958,1
29107545294,0
2719162894,1
29107545288,0
29107545294,0
2719162894,1
29107545288,0
29107545294,0
43398299612,0
43398299613,0
29107545294,0
29107545295,0
68179699983,1
29107545294,0
2719162958,1
29107545295,0
29107545294,0
2719162958,1
29107545294,0
29107545295,0
29107545294,0
29107545295,0
29107545294,0
68179699951,1
2719162958,1
29107545294,0
2719162958,1
29107545295,0
29107545294,0
2719162958,1
43398299612,0
43398299613,0
29107545294,0
2719162958,1
29107545295,0
29107545294,0
41059520846,1
29107545295,0
29107545294,0
41059520846,1
29107545294,0
41059520846,1
29107545295,0
29107545294,0
41059520846,1
29107545295,0
68179699951,1
29107545294,0
29107545294,0
29107545295,0
43398299612,0
29107545294,0
41059520846,1
29107545295,0
29107545294,0
41059521006,1
29107545294,0
29107545295,0
29107545294,0
29107545295,0
29107545294,0
41059521006,1
29107545294,0
29107545295,0
68179699983,1
29107545294,0
2719162958,1
29107545295,0
43398299617,0
68179699951,1
43398299612,0
43398299613,0
43398299617,0
68179699937,1
29107545295,0
43398299617,0
43398299617,0
29107545295,0
29107545296,0
68179699952,1
29107545295,0
68179700111,1
29107545296,0
29107545296,0
2719162832,1
29107545295,0
68179699983,1
29107545296,0
68179699984,1
29107545296,0
68179699952,1
29107545295,0
68179699951,1
43398299613,0
29107545289,0
29107545295,0
29107545296,0
2719162832,1
29107545296,0
68179700016,1
29107545295,0
29107545296,0
2719162832,1
57879702094,0
29107545295,0
43398299612,0
57879702094,0
29107545295,0
57879702094,0
57879702094,0
29107545295,0
43398299613,0
57879702094,0
68179699965,1
2719162958,1
29107545295,0
57879702094,0
2719162958,1
43398299613,0
57879702094,0
10980916477,1
2719162894,1
29107545295,0
57879702094,0
2719162894,1
29107545295,0
57879702094,0
2719162894,1
43398299612,0
57879702094,0
29107545295,0
57879702094,0
2719162894,1
57879702094,0
29107545295,0
57879702094,0
2719162958,1
29107545295,0
57879702094,0
68179699951,1
57879702094,0
41059520846,1
29107545295,0
57879702095,0
57879702095,0
68179700111,1
68179699983,1
29107545295,0
43398299612,0
57879702095,0
68179699983,1
57879702095,0
29107545295,0
57879702095,0
43398299613,0
57879702095,0
68179699983,1
29107545295,0
68179699983,1
57879702095,0
29107545295,0
29107545290,0
68179699951,1
10980916394,1
29107545289,0
29107545295,0
68179699983,1
29107545289,0
29107545295,0
43398299612,0
29107545289,0
29107545289,0
29107545295,0
29107545289,0
43398299613,0
29107545283,0
29107545295,0
29107545283,0
29107545295,0
68179700111,1
29107545283,0
29107545283,0
29107545295,0
68179699983,1
29107545283,0
43398299612,0
29107545283,0
29107545295,0
68179700111,1
29107545283,0
29107545283,0
29107545295,0
68179699983,1
43398299613,0
57879702096,0
68179699952,1
29107545295,0
57879702096,0
68179700111,1
68179699952,1
57879702096,0
68179699984,1
29107545295,0
57879702096,0
29107545295,0
57879702096,0
43398299612,0
57879702097,0
68179700081,1
29107545295,0
57879702097,0
68179699985,1
57879702097,0
2719162961,1
29107545295,0
43398299613,0
57879702097,0
68179699965,1
29107545295,0
68179699983,1
57879702097,0
57879702097,0
29107545295,0
68179699951,1
57879702097,0
29107545295,0
68179699951,1
57879702097,0
43398299612,0
57879702097,0
29107545295,0
57879702097,0
29107545295,0
57879702097,0
29107545295,0
43398299613,0
57879702097,0
68179699983,1
68179699965,1
68179699985,1
57879702097,0
68179699985,1
29107545295,0
68179699983,1
57879702097,0
68179700081,1
57879702097,0
29107545295,0
68179699983,1
57879702097,0
68179699985,1
29107545295,0
43398299612,0
57879702097,0
68179699985,1
57879702097,0
68179699985,1
29107545295,0
68179699983,1
57879702097,0
68179700081,1
29107545295,0
57879702097,0
68179700111,1
68179700081,1
43398299613,0
57879702097,0
68179699985,1
29107545295,0
68179700111,1
57879702097,0
57879702097,0
29107545295,0
68179699951,1
57879702097,0
29107545295,0
43398299612,0
57879702097,0
29107545295,0
57879702097,0
68179699985,1
57879702097,0
57879702098,0
43398299613,0
57879702097,0
57879702098,0
57879702097,0
10980916370,1
57879702097,0
57879702098,0
2719162770,1
57879702097,0
57879702098,0
57879702097,0
68179699986,1
43398299612,0
57879702097,0
57879702098,0
68179700082,1
57879702097,0
57879702098,0
57879702097,0
10980916370,1
43398299613,0
57879702097,0
57879702098,0
57879702097,0
57879702098,0
57879702097,0
68179700082,1
57879702097,0
57879702098,0
57879702098,0
2719162770,1
68179699986,1
43398299612,0
57879702097,0
57879702097,0
57879702099,0
2719162835,1
57879702098,0
57879702099,0
10980916467,1
57879702098,0
43398299613,0
57879702099,0
57879702099,0
10980916467,1
57879702098,0
68179699986,1
57879702099,0
57879702099,0
57879702098,0
68179699986,1
57879702099,0
57879702098,0
43398299612,0
68179699954,1
57879702099,0
57879702099,0
10980916467,1
57879702098,0
10980916370,1
57879702099,0
57879702098,0
57879702099,0
43398299613,0
10980916467,1
57879702099,0
57879702098,0
10980916370,1
57879702099,0
10980916467,1
57879702098,0
2719162770,1
57879702099,0
57879702099,0
68179699955,1
57879702098,0
68179699954,1
43398299612,0
57879702099,0
57879702098,0
10980916370,1
57879702099,0
57879702099,0
57879702098,0
43398299613,0
57879702099,0
10980916467,1
57879702098,0
57879702099,0
68179700051,1
57879702099,0
10980916467,1
57879702098,0
68179700082,1
57879702099,0
57879702098,0
57879702099,0
68179699986,1
43398299612,0
57879702099,0
68179699955,1
57879702098,0
68179699954,1
57879702099,0
2719162835,1
57879702098,0
43398299613,0
57879702099,0
2719162835,1
57879702099,0
2719162835,1
57879702098,0
57879702099,0
2719162835,1
57879702098,0
57879702099,0
68179700082,1
2719162835,1
57879702099,0
68179699955,1
57879702098,0
2719162770,1
57879702099,0
68179699955,1
57879702098,0
43398299612,0
68179700082,1
57879702099,0
57879702099,0
68179699955,1
57879702098,0
68179699954,1
43398299613,0
57879702099,0
10980916467,1
57879702098,0
57879702099,0
10980916467,1
57879702099,0
68179699955,1
57879702098,0
68179699954,1
57879702099,0
2719162835,1
57879702099,0
10980916371,1
57879702098,0
2719162770,1
57879702099,0
68179699955,1
57879702098,0
43398299612,0
68179699954,1
57879702099,0
10980916467,1
57879702099,0
68179699955,1
57879702098,0
68179699954,1
43398299613,0
57879702099,0
2719162835,1
57879702098,0
57879702099,0
2719162963,1
57879702100,0
57879702098,0
68179699954,1
57879702100,0
68179700148,1
57879702098,0
57879702100,0
68179700052,1
57879702100,0
68179700052,1
57879702098,0
57879702098,0
68179700082,1
43398299612,0
43398299613,0
57879702100,0
57879702100,0
68179700148,1
2719162836,1
57879702100,0
57879702098,0
57879702100,0
68179700052,1
57879702098,0
57879702100,0
68179700052,1
57879702100,0
68179700052,1
57879702098,0
68179699986,1
57879702100,0
57879702098,0
57879702100,0
68179699954,1
68179700052,1
43398299612,0
43398299613,0
57879702100,0
68179700052,1
57879702098,0
57879702096,0
68179699952,1
57879702097,0
68179700081,1
57879702098,0
57879702097,0
68179700081,1
57879702098,0
2719162977,0
29107545283,0
10980916419,1
29107545281,0
57879702098,0
68179699954,1
29107545287,0
41059520871,1
29107545287,0
41059520871,1
57879702098,0
68179699954,1
29107545292,0
57879702098,0
29107545292,0
43398299613,0
29107545280,0
57879702098,0
43398299611,0
43398299612,0
43398299611,0
57879702098,0
43398299614,0
57879702098,0
43398299614,0
57879702098,0
43398299613,0
43398299614,0
68179699954,1
43398299614,0
57879702098,0
57879702098,0
43398299614,0
43398299614,0
10980916478,1
10980916478,1
43398299612,0
43398299614,0
10980916478,1
57879702098,0
43398299614,0
57879702098,0
29107545292,0
2719162956,1
29107545292,0
2719162956,1
57879702098,0
68179699954,1
43398299613,0
29107545292,0
68179700140,1
29107545292,0
68179700140,1
57879702098,0
29107545292,0
57879702098,0
29107545292,0
2719162796,1
43398299612,0
29107545292,0
57879702098,0
29107545292,0
57879702101,0
29107545292,0
29107545292,0
2719162956,1
57879702101,0
2719162837,1
29107545292,0
43398299613,0
2719162956,1
57879702101,0
29107545292,0
29107545292,0
57879702101,0
68179700053,1
29107545292,0
57879702101,0
29107545292,0
2719162956,1
43398299612,0
29107545292,0
57879702101,0
29107545292,0
10980916396,1
57879702101,0
29107545292,0
10980916428,1
29107545292,0
57879702101,0
2719162837,1
29107545292,0
43398299613,0
29107545292,0
10980916396,1
57879702101,0
29107545292,0
57879702101,0
29107545292,0
10980916396,1
2719162977,0
41059520769,1
29107545292,0
10980916428,1
57879702101,0
57879702100,0
57879702100,0
57879702101,0
43398299613,0
57879702100,0
57879702101,0
57879702100,0
68179700052,1
57879702100,0
68179700148,1
57879702101,0
57879702100,0
57879702101,0
57879702100,0
10980916468,1
43398299612,0
57879702100,0
10980916468,1
57879702101,0
57879702101,0
57879702100,0
57879702100,0
68179700148,1
10980916468,1
43398299613,0
57879702100,0
10980916372,1
57879702101,0
57879702100,0
68179700148,1
57879702101,0
57879702100,0
10980916405,1
68179700148,1
57879702100,0
68179700148,1
57879702101,0
10980916405,1
57879702100,0
10980916372,1
57879702101,0
43398299612,0
57879702100,0
10980916468,1
57879702100,0
10980916468,1
57879702101,0
57879702101,0
43398299613,0
57879702100,0
57879702100,0
57879702100,0
68179700148,1
57879702101,0
57879702100,0
68179700052,1
57879702100,0
10980916468,1
57879702101,0
10980916405,1
57879702100,0
2719162836,1
57879702101,0
43398299612,0
57879702100,0
57879702100,0
10980916372,1
57879702101,0
57879702100,0
68179700052,1
57879702101,0
43398299613,0
57879702100,0
68179700052,1
57879702101,0
57879702100,0
68179700052,1
57879702100,0
10980916468,1
57879702101,0
57879702100,0
43398299612,0
57879702100,0
2719162964,1
57879702101,0
43398299613,0
57879702100,0
57879702101,0
10980916405,1
57879702100,0
57879702100,0
57879702101,0
57879702100,0
10980916468,1
57879702101,0
57879702100,0
43398299613,0
2719162836,1
43398299612,0
57879702100,0
2719162964,1
57879702101,0
10980916405,1
57879702100,0
57879702101,0
10980916405,1
57879702100,0
10980916468,1
43398299613,0
57879702094,0
2719162894,1
57879702101,0
10980916405,1
43398299612,0
57879702094,0
2719162894,1
57879702101,0
68179700053,1
57879702094,0
2719162958,1
57879702094,0
2719162894,1
57879702101,0
2719162977,0
57879702094,0
2719162958,1
57879702101,0
43398299612,0
57879702094,0
2719162958,1
57879702094,0
57879702101,0
2719162837,1
57879702094,0
57879702101,0
57879702094,0
2719162837,1
2719162977,0
57879702094,0
57879702101,0
68179700053,1
43398299612,0
57879702094,0
2719162958,1
57879702101,0
57879702094,0
2719162958,1
2719162977,0
57879702094,0
57879702101,0
68179700053,1
57879702094,0
57879702101,0
57879702094,0
41059520846,1
57879702094,0
2719162894,1
57879702101,0
43398299612,0
2719162977,0
68179699937,1
57879702094,0
41059520846,1
57879702101,0
57879702094,0
10980916405,1
41059520910,1
57879702094,0
41059520910,1
57879702101,0
57879702094,0
57879702101,0
2719162977,0
57879702094,0
68179700053,1
41059520846,1
43398299612,0
57879702094,0
57879702101,0
57879702094,0
57879702094,0
41059520910,1
57879702101,0
2719162977,0
57879702094,0
68179699937,1
41059520910,1
57879702101,0
43398299612,0
57879702094,0
57879702094,0
57879702101,0
57879702094,0
41059520910,1
57879702101,0
68179700053,1
57879702094,0
41059520846,1
2719162977,0
57879702094,0
68179699937,1
57879702101,0
41059520821,1
43398299612,0
57879702094,0
41059521070,1
57879702101,0
2719162965,1
57879702094,0
41059521070,1
2719162977,0
57879702094,0
57879702101,0
68179700053,1
57879702094,0
41059520846,1
57879702101,0
43398299612,0
68179700053,1
57879702094,0
41059520846,1
57879702094,0
41059520846,1
57879702101,0
10980916405,1
57879702094,0
57879702094,0
57879702101,0
68179700053,1
2719162977,0
68179700129,1
2719162969,0
57879702101,0
2719162977,0
10980916405,1
57879702101,0
2719162969,0
2719162977,0
57879702101,0
68179700053,1
29107545282,0
10980916418,1
57879702102,0
29107545282,0
10980916418,1
29107545284,0
41059520772,1
57879702102,0
68179699926,1
29107545284,0
29107545284,0
57879702102,0
43398299615,0
2719162847,1
57879702102,0
29107545282,0
43398299615,0
41059520799,1
57879702102,0
43398299615,0
57879702102,0
43398299615,0
68179700159,1
43398299615,0
57879702102,0
68179699926,1
43398299615,0
57879702102,0
29107545292,0
2719162956,1
29107545292,0
57879702102,0
43398299615,0
57879702102,0
43398299615,0
43398299615,0
57879702102,0
68179699926,1
43398299615,0
2719162847,1
57879702102,0
43398299615,0
43398299615,0
57879702102,0
68179699926,1
57879702103,0
57879702102,0
57879702103,0
57879702102,0
57879702103,0
57879702103,0
57879702102,0
57879702103,0
57879702102,0
43398299616,0
68179699936,1
43398299616,0
57879702102,0
57879702102,0
29107545296,0
43398299616,0
68179699952,1
57879702102,0
29107545283,0
10980916419,1
29107545296,0
68179699984,1
57879702102,0
29107545285,0
29107545285,0
57879702102,0
29107545285,0
57879702102,0
57879702103,0
57879702103,0
57879702102,0
57879702102,0
57879702103,0
57879702103,0
57879702103,0
57879702102,0
57879702103,0
2719162967,1
57879702102,0
57879702103,0
57879702102,0
29107545282,0
29107545282,0
57879702102,0
29107545282,0
57879702102,0
29107545282,0
43398299612,0
29107545282,0
57879702102,0
43398299617,0
57879702102,0
57879702102,0
43398299617,0
2719162977,0
29107545280,0
57879702102,0
29107545292,0
57879702102,0
29107545292,0
2719162956,1
29107545292,0
2719162796,1
57879702102,0
29107545292,0
68179700140,1
29107545292,0
57879702102,0
43398299612,0
29107545292,0
57879702102,0
29107545292,0
2719162977,0
29107545292,0
68179699937,1
57879702102,0
68179699926,1
29107545292,0
10980916396,1
57879702102,0
29107545292,0
68179700140,1
29107545292,0
68179700140,1
57879702102,0
29107545292,0
68179700140,1
57879702102,0
29107545292,0
68179700140,1
43398299613,0
29107545292,0
2719162956,1
57879702102,0
29107545292,0
2719162956,1
57879702102,0
68179699926,1
29107545292,0
2719162977,0
2719162956,1
29107545292,0
57879702102,0
29107545292,0
68179700140,1
57879702102,0
29107545292,0
57879702102,0
29107545292,0
68179699926,1
68179700140,1
29107545292,0
68179700140,1
43398299613,0
43398299611,0
57879702102,0
43398299611,0
43398299611,0
57879702102,0
43398299611,0
2719162977,0
68179699937,1
43398299611,0
57879702102,0
43398299611,0
57879702102,0
43398299611,0
68179699926,1
29107545296,0
2719162960,1
57879702102,0
2719162966,1
29107545296,0
57879702102,0
29107545296,0
2719162832,1
2719162977,0
2719162977,0
68179699937,1
29107545296,0
68179699952,1
57879702102,0
29107545296,0
57879702102,0
29107545296,0
68179699984,1
57879702102,0
10980916406,1
29107545296,0
68179699984,1
29107545296,0
57879702102,0
68179699926,1
29107545289,0
10980916457,1
57879702102,0
29107545289,0
57879702102,0
68179699926,1
29107545296,0
68179699952,1
57879702102,0
2719162977,0
29107545296,0
68179699952,1
29107545289,0
10980916457,1
57879702102,0
68179699926,1
29107545289,0
10980916457,1
57879702102,0
10980916406,1
29107545283,0
68179700131,1
57879702102,0
29107545281,0
43398299613,0
10980916477,1
29107545282,0
57879702102,0
68179699926,1
29107545282,0
68179700034,1
29107545294,0
57879702104,0
2719162977,0
29107545294,0
41059520910,1
57879702104,0
29107545294,0
41059520910,1
29107545294,0
57879702104,0
29107545294,0
57879702104,0
29107545294,0
41059520846,1
43398299613,0
29107545294,0
57879702104,0
29107545294,0
57879702104,0
29107545294,0
2719162958,1
2719162977,0
29107545294,0
68179700129,1
2719162830,1
57879702104,0
29107545294,0
57879702104,0
29107545294,0
29107545294,0
57879702104,0
29107545294,0
57879702104,0
43398299613,0
29107545294,0
41059520846,1
29107545294,0
2719162958,1
57879702104,0
29107545294,0
57879702104,0
2719162977,0
29107545282,0
2719162785,1
29107545282,0
57879702104,0
29107545282,0
57879702104,0
29107545282,0
29107545282,0
57879702104,0
57879702104,0
43398299613,0
29107545282,0
29107545282,0
29107545282,0
57879702104,0
2719162977,0
29107545282,0
68179700129,1
2719162850,1
57879702104,0
29107545282,0
68179700034,1
29107545282,0
57879702104,0
29107545282,0
68179700034,1
29107545282,0
10980916386,1
57879702104,0
57879702104,0
68179700024,1
68179700024,1
43398299613,0
29107545282,0
29107545282,0
10980916386,1
10980916386,1
29107545282,0
68179700130,1
57879702104,0
29107545282,0
68179700130,1
57879702104,0
29107545282,0
57879702105,0
2719162828,0
57879702106,0
57879702106,0
43398299617,0
10980916385,1
57879702106,0
57879702106,0
57879702107,0
57879702107,0
57879702107,0
43398299617,0
2719162828,0
57879702108,0
2719162828,0
2719162956,1
43398299617,0
10980916385,1
57879702108,0
57879702104,0
43398299617,0
43398299617,0
43398299617,0
68179699937,1
10980916385,1
57879702104,0
68179699928,1
29107545283,0
57879702104,0
29107545283,0
10980916419,1
57879702104,0
29107545282,0
57879702104,0
29107545282,0
10980916386,1
29107545286,0
29107545286,0
57879702104,0
29107545285,0
29107545282,0
57879702104,0
29107545285,0
43398299616,0
43398299616,0
68179699936,1
43398299616,0
57879702104,0
43398299616,0
57879702104,0
43398299616,0
57879702104,0
29107545283,0
68179700131,1
57879702106,0
57879702106,0
57879702107,0
10980916410,1
57879702107,0
29107545284,0
10980916388,1
57879702107,0
57879702107,0
57879702104,0
29107545285,0
29107545285,0
2719162949,1
57879702104,0
43398299614,0
57879702104,0
43398299616,0
10980916480,1
57879702104,0
57879702104,0
29107545280,0
29107545280,0
10980916480,1
57879702104,0
29107545286,0
29107545286,0
29107545296,0
57879702104,0
29107545296,0
29107545285,0
29107545285,0
68179700101,1
43398299616,0
57879702104,0
43398299616,0
43398299616,0
43398299616,0
68179699936,1
57879702104,0
43398299616,0
43398299616,0
2719163008,1
43398299616,0
57879702104,0
43398299616,0
43398299616,0
41059520768,1
43398299616,0
29107545296,0
68179699952,1
57879702104,0
29107545296,0
29107545296,0
68179699952,1
68179699952,1
29107545296,0
68179699952,1
57879702104,0
43398299616,0
43398299616,0
43398299616,0
57879702104,0
10980916408,1
43398299616,0
68179699936,1
43398299616,0
68179699936,1
29107545296,0
68179699952,1
29107545296,0
29107545296,0
68179699952,1
68179699984,1
57879702104,0
57879702104,0
29107545296,0
29107545296,0
68179700016,1
2719162832,1
57879702104,0
29107545296,0
68179699952,1
57879702104,0
29107545296,0
68179699952,1
57879702104,0
29107545296,0
68179699984,1
57879702104,0
29107545296,0
29107545296,0
2719162832,1
68179700016,1
29107545296,0
29107545296,0
2719162768,1
29107545296,0
57879702104,0
29107545296,0
68179700016,1
29107545296,0
68179700016,1
57879702104,0
2719162969,0
57879702104,0
57879702104,0
2719162977,0
10980916450,0
68179700034,1
10980916436,0
2719162836,1
57879702104,0
2719162977,0
57879702104,0
10980916408,1
57879702104,0
57879702104,0
57879702104,0
57879702104,0
57879702104,0
57879702109,0
10980916477,1
2719162977,0
43398299615,0
68179700159,1
29107545296,0
29107545296,0
2719162832,1
2719162832,1
57879702104,0
29107545296,0
29107545296,0
68179700016,1
68179699984,1
29107545296,0
68179699984,1
57879702110,0
29107545296,0
68179700016,1
29107545296,0
2719162960,1
57879702110,0
10980916478,1
29107545296,0
2719162832,1
29107545296,0
29107545296,0
68179699984,1
2719162832,1
29107545296,0
68179699984,1
57879702110,0
29107545296,0
2719162832,1
29107545296,0
2719162832,1
57879702110,0
29107545296,0
68179700016,1
29107545296,0
2719162832,1
57879702110,0
29107545296,0
68179699984,1
29107545296,0
2719162960,1
43398299617,0
10980916385,1
57879702110,0
43398299617,0
43398299617,0
43398299617,0
10980916385,1
57879702110,0
29107545296,0
68179700016,1
57879702110,0
29107545296,0
68179700016,1
29107545296,0
68179700016,1
57879702110,0
29107545296,0
68179700016,1
57879702110,0
29107545289,0
57879702110,0
29107545289,0
29107545289,0
29107545289,0
29107545289,0
29107545289,0
57879702110,0
29107545289,0
29107545289,0
29107545289,0
57879702110,0
10980916478,1
29107545296,0
68179700016,1
29107545281,0
29107545281,0
29107545281,0
57879702110,0
10980916478,1
29107545296,0
68179699984,1
29107545289,0
57879702110,0
10980916478,1
43398299616,0
43398299616,0
41059520768,1
43398299616,0
43398299616,0
57879702110,0
43398299616,0
68179699936,1
43398299616,0
43398299616,0
10980916480,1
41059520768,1
57879702110,0
43398299616,0
2719163008,1
43398299616,0
43398299616,0
43398299616,0
57879702110,0
10980916478,1
43398299616,0
43398299616,0
41059520768,1
43398299616,0
2719163008,1
57879702110,0
68179700062,1
43398299616,0
43398299616,0
10980916480,1
43398299616,0
41059520768,1
57879702110,0
10980916478,1
43398299616,0
41059520768,1
57879702111,0
57879702111,0
68179700159,1
57879702110,0
43398299617,0
43398299617,0
10980916385,1
43398299617,0
43398299617,0
57879702110,0
29107545285,0
57879702110,0
57879702096,0
57879702096,0
29107545281,0
29107545281,0
57879702110,0
57879702112,0
57879702112,0
57879702112,0
57879702110,0
57879702112,0
57879702112,0
57879702110,0
68179700062,1
57879702112,0
57879702112,0
57879702112,0
57879702112,0
57879702112,0
57879702112,0
57879702110,0
57879702110,0
10980916478,1
29107545286,0
43398299617,0
10980916385,1
57879702110,0
43398299616,0
68179699936,1
57879702110,0
57879702110,0
57879702110,0
2719162977,0
2719162977,0
10980916367,0
68179699937,1
57879702110,0
10980916367,0
10980916385,1
57879702110,0
10980916367,0
57879702110,0
57879702110,0
57879702110,0
57879702110,0
2719162828,0
57879702110,0
57879702110,0
2719162828,0
2719162828,0
10980916428,1
10980916478,1
10980916396,1
57879702110,0
57879702110,0
2719162828,0
57879702110,0
57879702110,0
2719162828,0
10980916396,1
57879702110,0
57879702110,0
2719162828,0
2719162956,1
57879702110,0
57879702110,0
2719162828,0
57879702110,0
57879702110,0
2719162828,0
2719162956,1
57879702110,0
57879702110,0
2719162828,0
2719162956,1
57879702110,0
57879702110,0
2719162828,0
57879702110,0
57879702110,0
2719162828,0
57879702110,0
57879702110,0
57879702110,0
2719162977,0
10980916478,1
57879702110,0
10980916478,1
10980916385,1
57879702110,0
68179700062,1
57879702110,0
68179700062,1
57879702110,0
57879702110,0
2719162977,0
68179700062,1
57879702113,0
57879702113,0
68179699937,1
57879702113,0
57879702113,0
57879702113,0
57879702113,0
57879702113,0
57879702113,0
68179700129,1
68179699937,1
57879702113,0
57879702113,0
57879702113,0
57879702113,0
68179700129,1
57879702113,0
57879702113,0
57879702113,0
57879702113,0
68179699937,1
57879702113,0
57879702113,0
57879702113,0
57879702113,0
57879702113,0
57879702113,0
41059520769,1
57879702113,0
57879702113,0
2719162785,1
68179700129,1
57879702113,0
57879702113,0
2719162977,0
41059520769,1
68179700129,1
68179699937,1
57879702113,0
57879702113,0
68179699937,1
57879702113,0
68179699937,1
57879702114,0
57879702114,0
57879702114,0
10980916386,1
57879702114,0
57879702114,0
10980916386,1
10980916386,1
57879702114,0
57879702114,0
10980916452,0
10980916420,1
10980916437,0
10980916437,0
10980916405,1
57879702114,0
10980916452,0
10980916420,1
10980916437,0
2719162870,0
57879702115,0
10980916387,1
57879702114,0
10980916386,1
57879702114,0
57879702116,0
10980916418,1
10980916388,1
57879702116,0
57879702116,0
57879702117,0
57879702117,0
68179700100,1
10980916404,0
57879702116,0
10980916420,1
10980916422,0
57879702116,0
57879702116,0
2719162884,1
68179700100,1
57879702116,0
57879702116,0
10980916373,0
41059520804,1
2719162884,1
57879702116,0
57879702116,0
2719162884,1
10980916388,1
57879702116,0
2719162884,1
57879702116,0
41059520804,1
57879702116,0
57879702116,0
2719162884,1
57879702116,0
68179700100,1
57879702116,0
57879702116,0
57879702116,0
57879702116,0
2719162980,1
68179700100,1
57879702116,0
10980916420,1
57879702116,0
57879702116,0
2719162884,1
2719162884,1
57879702116,0
57879702116,0
10980916388,1
57879702116,0
57879702116,0
10980916420,1
57879702116,0
57879702116,0
2719162884,1
2719162884,1
57879702116,0
68179700100,1
57879702116,0
57879702116,0
10980916388,1
10980916420,1
57879702116,0
57879702116,0
2719162884,1
57879702116,0
57879702116,0
68179700100,1
57879702116,0
2719162884,1
2719162990,0
2719162990,0
2719162990,0
2719162990,0
2719162990,0
41059520910,1
41059521006,1
10980916399,0
2719162990,0
57879702116,0
10980916399,0
10980916399,0
10980916399,0
10980916399,0
68179700111,1
41059520910,1
2719162959,1
2719162959,1
68179700111,1
2719162980,1
57879702116,0
2719162980,1
57879702116,0
2719162980,1
10980916422,0
10980916422,0
57879702118,0
57879702119,0
57879702118,0
57879702119,0
57879702118,0
57879702119,0
57879702118,0
57879702119,0
57879702118,0
57879702119,0
57879702118,0
57879702119,0
57879702118,0
68179700006,1
57879702119,0
41059520871,1
57879702120,0
57879702120,0
57879702120,0
57879702121,0
57879702121,0
57879702121,0
10980916391,1
2719162895,0
2719162778,0
57879702120,0
57879702121,0
10980916391,1
2719162895,0
57879702120,0
57879702121,0
68179700006,1
68179700072,1
68179700072,1
2719162983,1
68179700111,1
68179700122,1
2719162778,0
57879702120,0
57879702121,0
57879702122,0
57879702122,0
57879702123,0
57879702120,0
57879702122,0
57879702123,0
57879702122,0
57879702123,0
57879702122,0
57879702123,0
57879702122,0
57879702123,0
57879702122,0
68179700122,1
68179700042,1
68179700072,1
57879702123,0
57879702122,0
57879702123,0
57879702122,0
57879702123,0
57879702122,0
57879702123,0
57879702122,0
57879702123,0
68179700042,1
2719162954,1
2719162954,1
57879702122,0
10980916427,1
2719162954,1
57879702121,0
57879702121,0
57879702116,0
57879702120,0
57879702120,0
57879702120,0
57879702121,0
57879702121,0
57879702120,0
57879702120,0
57879702121,0
57879702121,0
57879702124,0
57879702124,0
57879702124,0
57879702124,0
68179700139,1
57879702124,0
57879702124,0
57879702123,0
57879702124,0
57879702116,0
57879702124,0
57879702125,0
57879702125,0
57879702125,0
2719162956,1
2719162884,1
68179700140,1
2719162956,1
57879702125,0
2719162956,1
2719162899,0
57879702123,0
2719162899,0
57879702126,0
2719162899,0
57879702125,0
57879702125,0
57879702125,0
57879702126,0
2719162899,0
57879702126,0
2719162899,0
2719162956,1
57879702126,0
2719162899,0
57879702126,0
2719162899,0
57879702125,0
57879702126,0
68179699955,1
68179699955,1
2719162899,0
57879702126,0
68179699955,1
2719162899,0
68179699917,1
57879702126,0
10980916467,1
68179699955,1
2719162899,0
57879702126,0
2719162899,0
2719162963,1
57879702126,0
68179700051,1
10980916467,1
41059521006,1
68179699982,1
2719162963,1
41059521006,1
41059520846,1
41059520846,1
10980916467,1
57879702126,0
2719162958,1
57879702126,0
62280557658,0
62280557659,0
62280557660,0
62280557661,0
62280557662,0
62280557658,0
62280557659,0
62280557660,0
62280557661,0
62280557662,0
62280557658,0
62280557659,0
62280557660,0
62280557661,0
62280557662,0
68179700122,1
10980916410,1
68179700122,1
62280557658,0
10980916477,1
10980916410,1
10980916478,1
62280557659,0
62280557660,0
62280557661,0
62280557662,0
62280557658,0
62280557659,0
62280557660,0
62280557661,0
62280557662,0
62280557658,0
62280557659,0
62280557660,0
62280557661,0
62280557662,0
62280557658,0
62280557659,0
62280557660,0
62280557661,0
62280557662,0
62280557663,0
62280557664,0
62280557665,0
62280557666,0
62280557667,0
62280557663,0
62280557664,0
10980916410,1
62280557665,0
62280557666,0
68179700062,1
57879702116,0
57879702116,0
62280557667,0
62280557663,0
62280557664,0
41059520799,1
62280557665,0
62280557666,0
62280557667,0
62280557663,0
62280557664,0
68179700100,1
68179700100,1
62280557665,0
68179699937,1
68179700129,1
62280557666,0
62280557667,0
62280557663,0
62280557664,0
62280557665,0
62280557666,0
62280557667,0
10980916480,1
62280557663,0
62280557664,0
62280557665,0
62280557666,0
68179700130,1
41059520769,1
2719162787,1
2719162850,1
62280557667,0
62280557663,0
62280557664,0
62280557665,0
62280557666,0
62280557667,0
68179700099,1
62280557663,0
41059520768,1
41059520799,1
62280557664,0
62280557665,0
62280557666,0
57879702116,0
62280557667,0
68179700034,1
62280557663,0
68179700130,1
62280557664,0
68179699907,1
62280557665,0
10980916419,1
62280557666,0
62280557667,0
62280557663,0
62280557664,0
10980916385,1
68179700100,1
62280557665,0
10980916385,1
68179699936,1
62280557666,0
68179700034,1
57879702116,0
62280557667,0
62280557663,0
68179700129,1
62280557664,0
68179700131,1
62280557665,0
62280557666,0
62280557667,0
62280557663,0
62280557664,0
62280557665,0
62280557666,0
62280557667,0
62280557668,0
68179699937,1
62280557669,0
10980916418,1
10980916480,1
62280557670,0
68179699907,1
62280557671,0
62280557672,0
62280557668,0
68179700034,1
62280557669,0
68179700034,1
62280557670,0
10980916385,1
62280557671,0
68179700100,1
62280557672,0
62280557668,0
68179700034,1
62280557669,0
62280557670,0
62280557671,0
62280557672,0
62280557668,0
2719162884,1
41059520799,1
62280557669,0
62280557670,0
62280557671,0
62280557672,0
10980916419,1
62280557668,0
2719162983,1
62280557669,0
62280557670,0
62280557671,0
62280557672,0
62280557668,0
68179700006,1
62280557669,0
62280557670,0
62280557671,0
2719162884,1
62280557672,0
2719162884,1
62280557668,0
2719162949,1
62280557669,0
10980916420,1
62280557670,0
62280557671,0
62280557672,0
62280557668,0
62280557669,0
62280557670,0
62280557671,0
62280557672,0
2719162884,1
62280557668,0
62280557669,0
62280557670,0
62280557671,0
62280557672,0
62280557673,0
68179700101,1
62280557673,0
2719162884,1
62280557673,0
62280557673,0
62280557673,0
62280557673,0
62280557673,0
62280557674,0
62280557674,0
62280557674,0
62280557674,0
62280557674,0
62280557674,0
62280557674,0
62280557674,0
62280557674,0
62280557674,0
62280557674,0
62280557674,0
62280557675,0
62280557675,0
68179700042,1
62280557675,0
62280557675,0
68179700042,1
62280557675,0
62280557675,0
68179700042,1
62280557675,0
62280557675,0
68179700042,1
62280557675,0
68179699915,1
68179700042,1
10980916395,1
10980916395,1
68179699915,1
57879702118,0
57879702119,0
2719162895,0
57879702118,0
57879702119,0
57879702120,0
57879702121,0
57879702120,0
57879702121,0
68179699983,1
68179700006,1
68179700072,1
68179700072,1
2719162778,0
57879702120,0
57879702122,0
57879702123,0
57879702122,0
57879702123,0
57879702122,0
57879702123,0
2719162899,0
2719162954,1
68179700139,1
10980916427,1
57879702121,0
57879702124,0
57879702125,0
57879702124,0
57879702125,0
57879702126,0
2719162899,0
57879702126,0
2719162899,0
57879702126,0
62280557658,0
62280557659,0
62280557660,0
62280557661,0
62280557662,0
62280557658,0
62280557659,0
62280557660,0
62280557661,0
62280557662,0
62280557663,0
68179700051,1
62280557664,0
62280557665,0
10980916467,1
62280557666,0
62280557667,0
62280557663,0
2719162958,1
62280557664,0
62280557665,0
62280557666,0
68179700122,1
62280557667,0
41059520795,1
62280557663,0
2719162847,1
62280557664,0
62280557665,0
62280557666,0
62280557667,0
62280557668,0
62280557669,0
68179700062,1
2719163007,1
62280557670,0
62280557671,0
62280557672,0
68179699937,1
62280557668,0
62280557669,0
62280557670,0
2719162787,1
68179700099,1
10980916385,1
62280557671,0
68179700130,1
62280557672,0
68179700034,1
62280557673,0
68179700034,1
62280557673,0
62280557674,0
62280557674,0
62280557674,0
62280557675,0
10980916419,1
62280557675,0
68179700042,1
2719163008,1
10980916391,1
2719162795,1
2719162955,1
68179700042,1
2719162980,1
68179700072,1
57879702118,0
57879702119,0
57879702118,0
57879702119,0
57879702120,0
57879702121,0
57879702120,0
57879702121,0
68179700006,1
2719162778,0
57879702120,0
57879702122,0
57879702121,0
57879702123,0
57879702124,0
57879702122,0
57879702125,0
57879702123,0
57879702122,0
57879702123,0
2719162899,0
2719162954,1
68179700139,1
68179700139,1
2719162956,1
57879702126,0
2719162899,0
57879702126,0
57879702124,0
57879702125,0
2719162899,0
2719162835,1
2719162956,1
68179699955,1
68179699917,1
57879702126,0
62280557658,0
62280557659,0
62280557660,0
62280557661,0
41059521006,1
62280557662,0
62280557658,0
62280557659,0
62280557660,0
62280557661,0
62280557662,0
62280557663,0
62280557664,0
62280557665,0
62280557666,0
62280557667,0
41059520846,1
68179700122,1
68179700122,1
62280557663,0
62280557664,0
62280557665,0
68179699995,1
62280557666,0
62280557667,0
62280557663,0
62280557664,0
62280557665,0
62280557666,0
10980916478,1
2719162847,1
62280557667,0
62280557668,0
62280557669,0
62280557670,0
62280557671,0
62280557672,0
62280557668,0
68179700034,1
62280557669,0
10980916420,1
62280557670,0
62280557671,0
10980916386,1
62280557672,0
62280557673,0
62280557673,0
68179700131,1
62280557674,0
10980916385,1
62280557674,0
10980916420,1
62280557674,0
62280557675,0
68179700130,1
62280557675,0
68179700099,1
10980916394,1
2719162795,1
57879702118,0
57879702119,0
57879702122,0
57879702120,0
57879702121,0
57879702120,0
57879702121,0
57879702120,0
57879702121,0
2719162794,1
68179700072,1
68179700072,1
57879702123,0
57879702124,0
57879702122,0
57879702125,0
57879702123,0
57879702124,0
57879702122,0
57879702125,0
57879702123,0
2719162899,0
57879702126,0
2719162899,0
68179700139,1
68179700042,1
2719162954,1
2719162796,1
10980916467,1
68179699915,1
2719162955,1
68179700140,1
57879702126,0
2719162899,0
2719162958,1
57879702126,0
2719162903,0
62280557658,0
62280557659,0
62280557660,0
62280557661,0
62280557662,0
62280557663,0
62280557664,0
62280557665,0
62280557666,0
62280557667,0
68179700051,1
62280557663,0
62280557664,0
62280557665,0
62280557666,0
62280557667,0
41059521006,1
62280557663,0
62280557664,0
68179700159,1
62280557665,0
62280557666,0
62280557667,0
62280557668,0
62280557669,0
62280557670,0
62280557671,0
62280557672,0
62280557668,0
2719162850,1
62280557669,0
68179700129,1
62280557670,0
10980916388,1
10980916419,1
62280557671,0
68179700034,1
62280557672,0
10980916385,1
62280557668,0
62280557669,0
62280557670,0
62280557671,0
10980916386,1
62280557672,0
68179700102,1
10980916388,1
62280557673,0
62280557674,0
68179699907,1
62280557674,0
62280557674,0
62280557675,0
62280557675,0
41059520872,1
62280557675,0
2719162884,1
2719162795,1
68179700139,1
10980916391,1
68179700072,1
41059520779,1
57879702118,0
57879702119,0
2719162895,0
57879702120,0
57879702121,0
57879702120,0
57879702121,0
57879702120,0
57879702121,0
68179699983,1
2719162824,1
2719162983,1
68179700041,1
10980916361,1
2719162778,0
57879702120,0
57879702122,0
57879702121,0
57879702123,0
57879702124,0
57879702122,0
57879702125,0
57879702123,0
57879702124,0
57879702125,0
57879702122,0
57879702123,0
2719162899,0
68179700042,1
68179700139,1
2719162955,1
68179699915,1
68179700140,1
57879702126,0
2719162899,0
57879702126,0
57879702126,0
62280557658,0
62280557659,0
62280557660,0
62280557661,0
62280557662,0
62280557663,0
62280557664,0
62280557665,0
62280557666,0
62280557667,0
62280557663,0
62280557664,0
68179699955,1
62280557665,0
62280557666,0
62280557667,0
41059520910,1
2719162847,1
62280557663,0
62280557664,0
62280557665,0
62280557666,0
62280557667,0
2719162815,1
62280557663,0
62280557664,0
62280557665,0
62280557666,0
62280557667,0
68179700034,1
62280557668,0
62280557669,0
68179699907,1
62280557670,0
62280557671,0
62280557672,0
10980916385,1
62280557668,0
62280557669,0
68179700100,1
62280557670,0
62280557671,0
68179700034,1
62280557672,0
62280557673,0
62280557674,0
10980916419,1
62280557674,0
62280557674,0
62280557674,0
68179699937,1
2719162794,1
62280557675,0
62280557675,0
10980916386,1
2719162795,1
68179700042,1
2719162983,1
57879702118,0
57879702119,0
57879702118,0
57879702119,0
2719162895,0
57879702120,0
57879702121,0
57879702120,0
57879702121,0
68179700111,1
2719162778,0
10980916361,1
57879702120,0
57879702121,0
57879702122,0
57879702123,0
57879702124,0
57879702122,0
57879702125,0
57879702123,0
57879702124,0
57879702122,0
57879702125,0
57879702123,0
2719162899,0
68179700042,1
2719162954,1
2719162955,1
10980916467,1
2719162956,1
68179699917,1
10980916457,1
57879702126,0
2719162899,0
57879702126,0
2719162899,0
57879702126,0
62280557658,0
62280557659,0
62280557660,0
62280557661,0
62280557662,0
62280557658,0
62280557659,0
62280557660,0
62280557661,0
62280557662,0
62280557663,0
41059520910,1
2719162835,1
10980916467,1
62280557664,0
62280557665,0
62280557666,0
2719162958,1
62280557667,0
62280557663,0
62280557664,0
62280557665,0
62280557666,0
10980916477,1
62280557667,0
68179700062,1
62280557663,0
62280557664,0
62280557665,0
62280557666,0
62280557667,0
62280557668,0
62280557669,0
10980916414,1
62280557670,0
2719162847,1
62280557671,0
62280557672,0
62280557668,0
62280557669,0
62280557670,0
2719162787,1
62280557671,0
2719162884,1
68179700130,1
62280557672,0
62280557673,0
62280557673,0
10980916387,1
62280557674,0
62280557674,0
62280557674,0
62280557675,0
2719162983,1
62280557675,0
68179700034,1
41059520779,1
57879702118,0
57879702119,0
57879702118,0
57879702119,0
2719162778,0
57879702122,0
57879702123,0
57879702120,0
57879702121,0
57879702120,0
57879702121,0
57879702120,0
57879702122,0
57879702121,0
57879702124,0
57879702125,0
68179700072,1
57879702123,0
57879702124,0
57879702122,0
57879702125,0
57879702123,0
2719162899,0
57879702126,0
2719162899,0
57879702126,0
2719162899,0
2719162956,1
68179699917,1
68179699955,1
68179699955,1
68179699915,1
57879702126,0
62280557658,0
62280557659,0
62280557660,0
62280557661,0
62280557662,0
62280557658,0
62280557659,0
62280557660,0
62280557661,0
62280557662,0
62280557663,0
62280557664,0
62280557665,0
41059520910,1
62280557666,0
62280557667,0
62280557663,0
10980916410,1
62280557664,0
62280557665,0
62280557666,0
62280557667,0
62280557663,0
62280557664,0
62280557665,0
62280557666,0
62280557667,0
62280557668,0
41059520864,1
62280557669,0
62280557670,0
62280557671,0
62280557672,0
2719162850,1
62280557668,0
10980916385,1
62280557669,0
62280557670,0
62280557671,0
10980916386,1
62280557672,0
62280557673,0
62280557673,0
10980916419,1
62280557674,0
68179700006,1
62280557674,0
62280557674,0
68179700129,1
68179700100,1
62280557675,0
62280557675,0
68179700042,1
68179700130,1
68179700042,1
68179700072,1
10980916387,1
2719162955,1
10980916391,1
2719162955,1
57879702118,0
57879702119,0
57879702122,0
57879702120,0
57879702121,0
68179700072,1
10980916391,1
57879702123,0
57879702122,0
57879702123,0
57879702120,0
57879702121,0
57879702120,0
57879702121,0
57879702122,0
57879702124,0
57879702125,0
57879702124,0
57879702125,0
2719162795,1
2719162956,1
68179700042,1
68179700042,1
68179700139,1
57879702123,0
2719162899,0
57879702126,0
2719162899,0
57879702126,0
2719162899,0
41059520811,1
57879702126,0
2719162903,0
62280557658,0
62280557659,0
62280557660,0
62280557661,0
62280557662,0
62280557663,0
62280557664,0
62280557665,0
62280557666,0
10980916371,1
10980916467,1
62280557667,0
62280557663,0
62280557664,0
62280557665,0
2719162894,1
41059520910,1
41059520910,1
62280557666,0
62280557667,0
62280557663,0
62280557664,0
2719162815,1
62280557665,0
62280557666,0
62280557667,0
62280557668,0
62280557669,0
68179699937,1
62280557670,0
62280557671,0
68179700034,1
62280557672,0
62280557668,0
2719163008,1
62280557669,0
10980916387,1
62280557670,0
62280557671,0
62280557672,0
62280557668,0
41059520804,1
62280557669,0
68179699907,1
62280557670,0
62280557671,0
2719162949,1
62280557672,0
62280557673,0
68179700100,1
10980916419,1
62280557674,0
62280557674,0
62280557674,0
62280557675,0
2719162983,1
68179700042,1
2719162884,1
62280557675,0
62280557675,0
68179700042,1
68179700006,1
2719162955,1
41059520779,1
57879702118,0
57879702119,0
57879702122,0
57879702120,0
57879702121,0
57879702120,0
57879702121,0
57879702120,0
57879702121,0
68179700072,1
68179700041,1
10980916457,1
57879702123,0
57879702122,0
57879702123,0
57879702122,0
57879702123,0
57879702122,0
57879702123,0
57879702124,0
57879702125,0
57879702124,0
57879702125,0
2719162795,1
57879702124,0
57879702125,0
2719162899,0
68179700140,1
68179700139,1
57879702126,0
2719162899,0
10980916396,1
57879702126,0
2719162963,1
57879702126,0
62280557658,0
62280557659,0
62280557660,0
62280557661,0
62280557662,0
62280557663,0
62280557664,0
62280557665,0
62280557666,0
62280557667,0
62280557663,0
62280557664,0
62280557665,0
62280557666,0
10980916410,1
62280557667,0
62280557663,0
62280557664,0
62280557665,0
62280557666,0
62280557667,0
62280557668,0
62280557669,0
62280557670,0
62280557671,0
62280557672,0
62280557668,0
68179700100,1
62280557669,0
62280557670,0
68179700034,1
62280557671,0
62280557672,0
10980916385,1
68179700099,1
62280557668,0
62280557669,0
68179700131,1
62280557670,0
62280557671,0
62280557672,0
62280557673,0
62280557674,0
62280557674,0
41059520935,1
68179700099,1
62280557674,0
62280557675,0
62280557675,0
2719162954,1
62280557675,0
41059520778,1
2719162955,1
2719162955,1
41059520811,1
57879702118,0
57879702119,0
2719162895,0
57879702118,0
57879702119,0
57879702120,0
57879702121,0
57879702120,0
57879702121,0
2719162983,1
2719162778,0
2719162959,1
68179700006,1
57879702120,0
57879702122,0
57879702121,0
57879702123,0
57879702122,0
57879702123,0
57879702122,0
57879702123,0
2719162899,0
10980916410,1
2719162794,1
68179700139,1
2719162954,1
68179699955,1
2719162955,1
68179699915,1
57879702126,0
2719162899,0
57879702124,0
57879702125,0
57879702124,0
57879702125,0
2719162963,1
2719162956,1
57879702126,0
2719162899,0
57879702126,0
62280557658,0
62280557659,0
62280557660,0
62280557661,0
62280557662,0
62280557658,0
62280557659,0
62280557660,0
62280557661,0
62280557662,0
62280557663,0
62280557664,0
62280557665,0
2719162835,1
62280557666,0
62280557667,0
62280557663,0
62280557664,0
2719162958,1
62280557665,0
68179700157,1
62280557666,0
62280557667,0
62280557663,0
10980916478,1
62280557664,0
62280557665,0
62280557666,0
62280557667,0
68179700159,1
62280557668,0
10980916414,1
62280557669,0
62280557670,0
41059520767,1
2719163008,1
62280557671,0
41059520864,1
62280557672,0
10980916385,1
62280557668,0
62280557669,0
2719162980,1
10980916386,1
62280557670,0
62280557671,0
68179700130,1
62280557672,0
68179700101,1
68179700099,1
62280557673,0
62280557673,0
68179700131,1
62280557674,0
62280557674,0
62280557674,0
10980916418,1
62280557675,0
62280557675,0
41059520871,1
41059520804,1
2719162954,1
41059520778,1
68179700072,1
2719162795,1
2719162955,1
41059520935,1
57879702118,0
57879702119,0
57879702118,0
57879702119,0
57879702120,0
57879702121,0
57879702120,0
57879702121,0
10980916391,1
2719162778,0
57879702120,0
57879702121,0
57879702122,0
57879702123,0
57879702124,0
57879702122,0
57879702125,0
57879702123,0
57879702124,0
57879702122,0
57879702125,0
57879702123,0
2719162899,0
68179700122,1
2719162794,1
2719162954,1
2719162954,1
2719162795,1
2719162956,1
68179699917,1
57879702126,0
2719162899,0
57879702126,0
2719162899,0
57879702126,0
62280557658,0
62280557659,0
62280557660,0
62280557661,0
62280557662,0
62280557658,0
62280557659,0
62280557660,0
62280557661,0
62280557662,0
62280557663,0
2719162963,1
62280557664,0
62280557665,0
62280557666,0
10980916410,1
2719162958,1
62280557667,0
62280557663,0
62280557664,0
62280557665,0
62280557666,0
68179700157,1
68179700159,1
62280557667,0
10980916478,1
2719162843,1
62280557663,0
62280557664,0
68179700159,1
62280557665,0
62280557666,0
62280557667,0
62280557668,0
10980916413,1
41059520864,1
62280557669,0
10980916478,1
62280557670,0
2719163008,1
62280557671,0
62280557672,0
68179700034,1
62280557668,0
62280557669,0
62280557670,0
68179700131,1
62280557671,0
2719162980,1
62280557672,0
62280557673,0
62280557673,0
10980916419,1
2719163008,1
62280557674,0
68179700102,1
62280557674,0
62280557674,0
68179699937,1
41059520772,1
62280557675,0
2719162983,1
62280557675,0
2719162954,1
10980916418,1
10980916387,1
41059520778,1
10980916391,1
2719162955,1
57879702118,0
57879702119,0
57879702122,0
57879702120,0
57879702121,0
57879702120,0
57879702121,0
57879702120,0
57879702121,0
2719162794,1
57879702123,0
57879702124,0
57879702122,0
57879702125,0
57879702123,0
57879702124,0
57879702122,0
57879702125,0
57879702123,0
2719162899,0
57879702126,0
2719162899,0
2719162795,1
68179700042,1
2719162954,1
68179699955,1
2719162796,1
68179700139,1
2719162955,1
68179700140,1
57879702126,0
2719162899,0
57879702126,0
2719162903,0
62280557658,0
62280557659,0
62280557660,0
62280557661,0
62280557662,0
62280557663,0
62280557664,0
62280557665,0
62280557666,0
62280557667,0
62280557663,0
62280557664,0
2719162963,1
62280557665,0
62280557666,0
62280557667,0
68179700122,1
41059520910,1
62280557663,0
62280557664,0
62280557665,0
62280557666,0
62280557667,0
10980916413,1
62280557668,0
62280557669,0
62280557670,0
62280557671,0
62280557672,0
62280557668,0
10980916386,1
62280557669,0
62280557670,0
2719162884,1
10980916419,1
62280557671,0
62280557672,0
68179699937,1
68179700101,1
62280557668,0
62280557669,0
62280557670,0
68179699907,1
62280557671,0
62280557672,0
41059520772,1
62280557673,0
62280557674,0
10980916419,1
62280557674,0
2719162983,1
62280557674,0
62280557675,0
62280557675,0
62280557675,0
2719162794,1
68179700042,1
41059520772,1
2719162954,1
68179700072,1
41059520871,1
57879702118,0
57879702119,0
57879702122,0
57879702120,0
57879702121,0
57879702120,0
57879702121,0
57879702120,0
57879702121,0
68179700072,1
10980916457,1
57879702123,0
57879702124,0
57879702122,0
57879702125,0
57879702123,0
57879702124,0
57879702122,0
57879702125,0
57879702123,0
57879702124,0
57879702125,0
2719162899,0
57879702126,0
2719162899,0
68179700140,1
41059520778,1
41059520810,1
2719162835,1
57879702126,0
2719162899,0
2719162955,1
10980916396,1
2719162956,1
2719162958,1
57879702126,0
41059520846,1
2719162899,0
2719162963,1
57879702126,0
62280557658,0
62280557659,0
62280557660,0
62280557661,0
62280557662,0
62280557663,0
62280557664,0
62280557665,0
62280557666,0
62280557667,0
62280557663,0
62280557664,0
62280557665,0
41059520755,1
10980916410,1
62280557666,0
62280557667,0
62280557663,0
62280557664,0
62280557665,0
62280557666,0
62280557667,0
62280557668,0
2719162847,1
62280557669,0
62280557670,0
62280557671,0
68179699937,1
62280557672,0
62280557668,0
2719162884,1
62280557669,0
10980916385,1
62280557670,0
62280557671,0
62280557672,0
2719162785,1
62280557668,0
62280557669,0
62280557670,0
62280557671,0
68179700131,1
62280557672,0
68179700034,1
62280557673,0
62280557674,0
62280557674,0
62280557674,0
68179700101,1
62280557675,0
62280557675,0
62280557675,0
2719162794,1
68179700042,1
41059520772,1
2719162954,1
10980916395,1
57879702118,0
57879702119,0
2719162895,0
2719162959,1
2719162778,0
57879702118,0
57879702119,0
57879702120,0
57879702121,0
57879702122,0
57879702120,0
57879702121,0
57879702120,0
57879702121,0
41059520778,1
57879702123,0
57879702124,0
57879702122,0
57879702125,0
57879702123,0
57879702124,0
57879702122,0
57879702125,0
57879702123,0
2719162899,0
10980916395,1
57879702126,0
2719162956,1
2719162899,0
41059520810,1
2719162986,1
68179699955,1
68179700139,1
57879702126,0
2719162899,0
2719162956,1
68179699955,1
57879702126,0
10980916467,1
62280557658,0
62280557659,0
62280557660,0
62280557661,0
62280557662,0
62280557658,0
62280557659,0
62280557660,0
62280557661,0
62280557662,0
62280557663,0
62280557664,0
62280557665,0
62280557666,0
62280557667,0
2719162958,1
62280557663,0
62280557664,0
62280557665,0
62280557666,0
62280557667,0
2719162847,1
62280557663,0
62280557664,0
62280557665,0
62280557666,0
62280557667,0
62280557668,0
62280557669,0
62280557670,0
41059520864,1
62280557671,0
62280557672,0
62280557668,0
10980916386,1
62280557669,0
2719162980,1
62280557670,0
68179700131,1
62280557671,0
62280557672,0
68179700101,1
62280557673,0
62280557673,0
68179700099,1
62280557674,0
68179699937,1
62280557674,0
62280557674,0
41059520804,1
62280557675,0
62280557675,0
68179700042,1
2719162954,1
10980916419,1
68179699915,1
68179700139,1
57879702118,0
57879702119,0
57879702118,0
57879702119,0
57879702120,0
2719162778,0
57879702122,0
57879702123,0
57879702122,0
57879702121,0
57879702120,0
57879702121,0
57879702120,0
57879702121,0
57879702124,0
57879702125,0
57879702123,0
57879702124,0
57879702122,0
57879702125,0
41059520778,1
68179700139,1
57879702123,0
2719162899,0
41059520810,1
57879702126,0
2719162899,0
57879702126,0
2719162899,0
57879702126,0
62280557658,0
62280557659,0
62280557660,0
62280557661,0
62280557662,0
10980916467,1
62280557658,0
62280557659,0
62280557660,0
62280557661,0
62280557662,0
62280557663,0
10980916467,1
2719162835,1
62280557664,0
62280557665,0
62280557666,0
41059520910,1
2719162894,1
10980916410,1
62280557667,0
62280557663,0
62280557664,0
62280557665,0
62280557666,0
68179699965,1
62280557667,0
2719162843,1
62280557663,0
62280557664,0
2719162847,1
10980916478,1
62280557665,0
62280557666,0
62280557667,0
62280557668,0
10980916480,1
62280557669,0
10980916478,1
62280557670,0
68179700129,1
62280557671,0
62280557672,0
2719162850,1
62280557668,0
62280557669,0
62280557670,0
68179700131,1
62280557671,0
62280557672,0
62280557673,0
62280557673,0
10980916387,1
62280557674,0
62280557674,0
62280557674,0
68179699937,1
41059520772,1
62280557675,0
2719162794,1
62280557675,0
10980916418,1
2719162954,1
10980916387,1
2719162795,1
2719162986,1
68179700072,1
57879702118,0
57879702119,0
57879702122,0
57879702120,0
57879702121,0
57879702120,0
57879702121,0
2719162954,1
68179700072,1
57879702123,0
57879702122,0
57879702123,0
57879702122,0
57879702123,0
57879702120,0
57879702121,0
57879702124,0
57879702125,0
57879702124,0
2719162899,0
57879702125,0
10980916427,1
57879702126,0
2719162899,0
57879702126,0
2719162899,0
57879702126,0
2719162903,0
62280557658,0
62280557659,0
62280557660,0
62280557661,0
62280557662,0
62280557663,0
62280557664,0
62280557665,0
62280557666,0
62280557667,0
68179699955,1
2719162835,1
62280557663,0
62280557664,0
62280557665,0
62280557666,0
41059521006,1
41059520846,1
62280557667,0
62280557663,0
41059520799,1
62280557664,0
62280557665,0
68179699995,1
62280557666,0
62280557667,0
62280557668,0
62280557669,0
62280557670,0
68179699936,1
62280557671,0
68179700130,1
62280557672,0
41059520865,1
62280557668,0
62280557669,0
62280557670,0
62280557671,0
62280557672,0
68179700129,1
62280557668,0
62280557669,0
62280557670,0
10980916418,1
62280557671,0
62280557672,0
62280557673,0
41059520772,1
62280557674,0
10980916387,1
62280557674,0
62280557674,0
62280557675,0
2719162983,1
2719162884,1
68179700042,1
62280557675,0
62280557675,0
68179700042,1
2719162954,1
68179699915,1
68179699915,1
68179699915,1
57879702118,0
57879702119,0
57879702122,0
57879702120,0
57879702121,0
57879702120,0
57879702121,0
57879702120,0
57879702121,0
2719162983,1
2719162954,1
57879702123,0
57879702124,0
57879702125,0
57879702122,0
68179700041,1
57879702123,0
57879702122,0
57879702123,0
2719162899,0
57879702126,0
2719162899,0
2719162954,1
57879702126,0
57879702124,0
57879702125,0
57879702124,0
57879702125,0
2719162899,0
41059520778,1
10980916396,1
10980916467,1
10980916467,1
10980916427,1
57879702126,0
68179699955,1
2719162958,1
62280557676,0
62280557658,0
62280557659,0
62280557660,0
62280557661,0
62280557662,0
62280557663,0
62280557664,0
62280557665,0
62280557666,0
62280557667,0
62280557663,0
62280557664,0
62280557665,0
62280557666,0
62280557667,0
68179700122,1
62280557663,0
62280557664,0
62280557665,0
62280557666,0
41059520865,1
62280557667,0
62280557668,0
62280557669,0
62280557670,0
10980916419,1
62280557671,0
62280557672,0
68179700129,1
62280557668,0
62280557669,0
62280557670,0
62280557671,0
41059520804,1
62280557672,0
62280557668,0
68179699936,1
62280557669,0
62280557670,0
62280557671,0
62280557672,0
2719162980,1
62280557673,0
62280557674,0
62280557674,0
62280557674,0
10980916387,1
62280557675,0
62280557675,0
2719162884,1
68179700042,1
62280557675,0
68179700042,1
2719162983,1
68179699915,1
57879702118,0
57879702119,0
57879702118,0
57879702119,0
2719162895,0
57879702120,0
57879702121,0
57879702120,0
57879702121,0
68179699983,1
10980916391,1
2719162778,0
57879702120,0
57879702122,0
57879702121,0
57879702123,0
57879702124,0
57879702122,0
57879702125,0
57879702123,0
57879702122,0
57879702123,0
2719162899,0
2719162794,1
10980916467,1
10980916395,1
2719162796,1
57879702126,0
2719162899,0
57879702126,0
2719162899,0
57879702125,0
57879702124,0
2719162958,1
2719162963,1
68179699955,1
57879702126,0
62280557658,0
62280557659,0
62280557660,0
62280557661,0
62280557662,0
62280557658,0
62280557659,0
62280557660,0
62280557661,0
62280557662,0
62280557663,0
62280557664,0
62280557665,0
62280557666,0
62280557667,0
2719162958,1
41059520794,1
62280557663,0
62280557664,0
62280557665,0
41059520795,1
62280557666,0
62280557667,0
2719162847,1
62280557663,0
62280557664,0
62280557665,0
2719162847,1
62280557666,0
10980916478,1
62280557667,0
10980916414,1
62280557668,0
62280557669,0
62280557670,0
62280557671,0
41059520865,1
62280557672,0
62280557668,0
62280557669,0
68179700129,1
41059520804,1
62280557670,0
68179700099,1
62280557671,0
62280557672,0
2719162949,1
62280557673,0
62280557673,0
10980916387,1
62280557674,0
62280557674,0
62280557674,0
41059520804,1
62280557675,0
62280557675,0
10980916418,1
68179700042,1
2719162954,1
41059520871,1
10980916427,1
57879702116,0
57879702116,0
2719162884,1
10980916399,0
10980916399,0
10980916399,0
10980916399,0
57879702124,0
57879702124,0
57879702125,0
57879702125,0
57879702125,0
68179700111,1
2719162959,1
57879702124,0
10980916399,0
62280557677,0
62280557677,0
62280557677,0
62280557677,0
62280557677,0
62280557677,0
62280557678,0
62280557678,0
62280557678,0
62280557678,0
62280557678,0
2719162903,0
62280557678,0
2719162956,1
68179699983,1
62280557676,0
2719162903,0
62280557676,0
62280557677,0
62280557678,0
62280557677,0
62280557678,0
62280557677,0
62280557678,0
62280557677,0
2719162903,0
62280557676,0
68179699982,1
2719162903,0
62280557676,0
2719162903,0
62280557676,0
2719162903,0
41059521006,1
62280557676,0
41059521070,1
2719162903,0
62280557676,0
2719162903,0
68179700140,1
62280557676,0
2719162903,0
2719162956,1
10980916407,1
62280557676,0
62280557678,0
62280557677,0
62280557678,0
68179699917,1
62280557677,0
62280557678,0
10980916407,1
2719162903,0
68179699917,1
2719162967,1
62280557679,0
41059520846,1
62280557676,0
62280557679,0
62280557680,0
62280557681,0
62280557676,0
62280557681,0
62280557682,0
62280557680,0
62280557679,0
62280557680,0
62280557679,0
62280557680,0
62280557681,0
62280557682,0
62280557681,0
62280557682,0
62280557681,0
2719162956,1
68179699984,1
68179700081,1
68179699985,1
62280557682,0
62280557681,0
68179700016,1
62280557679,0
10980916370,1
62280557682,0
10980916370,1
68179699984,1
2719162956,1
62280557681,0
62280557680,0
68179699985,1
62280557679,0
62280557680,0
62280557679,0
68179700081,1
62280557682,0
62280557681,0
68179699954,1
2719162959,1
68179699983,1
68179700081,1
2719162769,1
68179699983,1
2719162832,1
68179699984,1
62280557682,0
62280557681,0
62280557682,0
62280557681,0
62280557682,0
62280557681,0
62280557682,0
62280557681,0
62280557680,0
62280557680,0
62280557679,0
62280557679,0
62280557679,0
62280557680,0
62280557680,0
62280557679,0
68179699986,1
68179700081,1
62280557679,0
62280557680,0
2719162832,1
62280557680,0
68179700016,1
68179699954,1
2719162960,1
62280557682,0
68179699985,1
41059520847,1
68179699983,1
62280557681,0
62280557682,0
2719162904,0
2719162832,1
68179699984,1
68179700016,1
62280557682,0
2719162904,0
62280557683,0
10980916467,1
62280557683,0
62280557683,0
62280557668,0
62280557669,0
62280557670,0
62280557671,0
62280557672,0
62280557668,0
62280557669,0
62280557670,0
62280557671,0
62280557672,0
2719162835,1
2719162980,1
62280557668,0
62280557669,0
2719162983,1
62280557670,0
68179700006,1
62280557671,0
62280557672,0
62280557684,0
62280557685,0
62280557686,0
62280557687,0
62280557688,0
62280557684,0
62280557685,0
62280557686,0
62280557687,0
62280557688,0
62280557684,0
62280557685,0
62280557686,0
62280557687,0
2719162836,1
2719162836,1
68179700148,1
68179700053,1
68179699926,1
62280557688,0
62280557684,0
62280557685,0
62280557686,0
62280557687,0
62280557688,0
62280557684,0
62280557685,0
62280557686,0
62280557687,0
62280557688,0
62280557684,0
62280557685,0
62280557686,0
62280557687,0
62280557688,0
62280557684,0
10980916468,1
62280557685,0
68179700053,1
62280557686,0
10980916468,1
68179700052,1
2719162836,1
62280557687,0
62280557688,0
62280557684,0
62280557685,0
62280557686,0
62280557687,0
62280557688,0
62280557684,0
62280557685,0
62280557686,0
62280557687,0
62280557688,0
62280557684,0
62280557685,0
62280557686,0
62280557687,0
62280557688,0
68179700052,1
62280557684,0
62280557685,0
62280557686,0
62280557687,0
62280557688,0
62280557684,0
62280557685,0
62280557686,0
62280557687,0
62280557688,0
62280557689,0
10980916408,1
62280557690,0
62280557691,0
62280557692,0
62280557693,0
62280557689,0
62280557690,0
62280557691,0
62280557692,0
62280557693,0
62280557689,0
10980916408,1
62280557690,0
62280557691,0
62280557692,0
62280557693,0
62280557689,0
10980916477,1
62280557690,0
62280557691,0
62280557692,0
62280557693,0
68179700122,1
62280557689,0
62280557690,0
62280557691,0
62280557692,0
62280557693,0
62280557689,0
62280557690,0
10980916477,1
62280557691,0
68179699995,1
62280557692,0
62280557693,0
62280557689,0
62280557690,0
62280557691,0
62280557692,0
62280557693,0
62280557689,0
62280557690,0
62280557691,0
62280557692,0
62280557693,0
62280557689,0
62280557690,0
62280557691,0
62280557692,0
62280557693,0
62280557689,0
62280557690,0
62280557691,0
62280557692,0
62280557693,0
62280557689,0
62280557690,0
62280557691,0
62280557692,0
10980916410,1
62280557693,0
62280557689,0
68179699965,1
62280557690,0
68179699995,1
62280557691,0
62280557692,0
62280557693,0
62280557694,0
2719162843,1
62280557695,0
62280557696,0
2719162908,1
62280557697,0
62280557698,0
62280557675,0
62280557675,0
10980916395,1
62280557675,0
62280557699,0
62280557699,0
62280557699,0
62280557699,0
62280557699,0
2719162843,1
62280557699,0
62280557699,0
62280557699,0
62280557699,0
62280557699,0
62280557699,0
68179700099,1
68179700099,1
2719162787,1
10980916395,1
62280557699,0
62280557700,0
2719162787,1
62280557700,0
41059520899,1
62280557700,0
68179699907,1
62280557700,0
68179700099,1
62280557700,0
62280557700,0
62280557700,0
62280557700,0
62280557700,0
68179699907,1
68179700131,1
62280557700,0
68179700129,1
62280557700,0
62280557700,0
68179699907,1
62280557701,0
10980916419,1
2719162980,1
2719162980,1
41059520804,1
2719162980,1
2719162980,1
68179700101,1
10980916420,1
2719162884,1
41059520900,1
2719162980,1
57879702125,0
57879702124,0
2719162903,0
62280557677,0
62280557678,0
62280557677,0
62280557678,0
62280557677,0
62280557678,0
2719162956,1
41059520846,1
41059521102,1
41059520846,1
62280557676,0
62280557679,0
2719162903,0
62280557680,0
62280557676,0
62280557679,0
2719162903,0
62280557680,0
62280557676,0
62280557679,0
62280557681,0
62280557682,0
62280557681,0
2719162967,1
10980916439,1
68179699983,1
68179699983,1
68179700111,1
62280557682,0
62280557681,0
68179700016,1
62280557682,0
2719162904,0
62280557680,0
2719162832,1
62280557683,0
62280557668,0
62280557669,0
62280557670,0
62280557671,0
62280557672,0
62280557684,0
62280557685,0
62280557686,0
62280557687,0
62280557688,0
62280557684,0
62280557685,0
62280557686,0
62280557687,0
62280557688,0
68179700148,1
62280557684,0
2719162836,1
62280557685,0
62280557686,0
10980916405,1
62280557687,0
68179700053,1
62280557688,0
62280557689,0
62280557690,0
62280557691,0
62280557692,0
62280557693,0
62280557689,0
62280557690,0
62280557691,0
68179699928,1
62280557692,0
41059520853,1
62280557693,0
62280557689,0
62280557690,0
62280557691,0
68179699926,1
62280557692,0
10980916410,1
62280557693,0
62280557675,0
62280557699,0
10980916408,1
62280557699,0
10980916410,1
62280557699,0
62280557700,0
62280557700,0
2719162787,1
10980916419,1
62280557700,0
10980916419,1
41059520900,1
2719162980,1
10980916420,1
57879702125,0
57879702124,0
62280557677,0
62280557678,0
62280557677,0
62280557678,0
62280557677,0
62280557678,0
68179699917,1
41059520846,1
68179699982,1
62280557676,0
62280557679,0
2719162903,0
62280557680,0
62280557676,0
62280557679,0
2719162903,0
62280557680,0
62280557676,0
62280557679,0
62280557681,0
62280557680,0
62280557682,0
62280557681,0
2719162956,1
10980916407,1
2719162967,1
68179699985,1
68179699983,1
68179700081,1
10980916370,1
68179699984,1
2719162959,1
68179700111,1
62280557682,0
62280557681,0
68179699954,1
2719162768,1
62280557682,0
2719162904,0
62280557683,0
62280557668,0
62280557669,0
62280557670,0
62280557671,0
62280557672,0
62280557684,0
62280557685,0
62280557686,0
62280557687,0
62280557688,0
62280557684,0
62280557685,0
62280557686,0
62280557687,0
2719162964,1
10980916420,1
62280557688,0
68179700053,1
62280557684,0
62280557685,0
62280557686,0
62280557687,0
62280557688,0
2719162835,1
62280557689,0
2719162983,1
62280557690,0
62280557691,0
2719162836,1
62280557692,0
62280557693,0
62280557689,0
68179700053,1
62280557690,0
2719162965,1
62280557691,0
62280557692,0
62280557693,0
62280557689,0
62280557690,0
62280557691,0
62280557692,0
62280557693,0
62280557675,0
62280557699,0
62280557699,0
62280557699,0
62280557700,0
62280557700,0
62280557700,0
68179699915,1
10980916387,1
10980916419,1
2719162980,1
41059520900,1
2719162980,1
62280557677,0
62280557678,0
2719162903,0
62280557677,0
62280557678,0
62280557677,0
62280557678,0
62280557679,0
62280557680,0
68179700111,1
41059521006,1
41059521070,1
62280557676,0
62280557679,0
2719162903,0
62280557680,0
62280557676,0
62280557679,0
62280557681,0
62280557680,0
62280557682,0
62280557681,0
68179700016,1
62280557682,0
62280557681,0
68179700140,1
2719162769,1
68179699983,1
2719162769,1
68179699954,1
68179700081,1
68179699984,1
2719162959,1
62280557682,0
2719162904,0
62280557683,0
2719162904,0
62280557684,0
62280557685,0
62280557686,0
62280557687,0
62280557688,0
62280557684,0
62280557685,0
62280557686,0
62280557687,0
62280557688,0
62280557684,0
62280557685,0
62280557686,0
62280557687,0
41059520787,1
62280557688,0
2719162836,1
62280557689,0
62280557690,0
2719162965,1
62280557691,0
68179700053,1
62280557692,0
68179699926,1
62280557693,0
62280557689,0
62280557690,0
62280557691,0
2719162965,1
62280557692,0
62280557693,0
68179700024,1
62280557689,0
62280557690,0
62280557691,0
62280557692,0
62280557693,0
62280557694,0
68179699995,1
62280557695,0
68179699928,1
62280557696,0
62280557697,0
10980916410,1
62280557698,0
62280557699,0
68179699965,1
62280557699,0
62280557699,0
68179700122,1
62280557700,0
62280557700,0
68179700062,1
62280557700,0
62280557701,0
41059520799,1
68179699907,1
10980916419,1
41059520900,1
41059520804,1
68179699937,1
2719162980,1
68179700101,1
2719162903,0
57879702124,0
57879702125,0
62280557677,0
62280557678,0
62280557677,0
62280557678,0
62280557677,0
62280557678,0
2719162956,1
68179699917,1
68179700013,1
41059521006,1
41059520910,1
62280557676,0
62280557679,0
2719162903,0
62280557680,0
62280557676,0
2719162903,0
62280557679,0
62280557680,0
62280557676,0
62280557679,0
62280557681,0
62280557680,0
62280557682,0
62280557681,0
2719162956,1
68179699985,1
68179700111,1
68179699954,1
68179700140,1
10980916396,1
2719162960,1
41059520847,1
62280557682,0
62280557681,0
68179699986,1
2719162832,1
62280557682,0
62280557683,0
62280557668,0
62280557669,0
62280557670,0
62280557671,0
62280557672,0
62280557684,0
62280557685,0
62280557686,0
62280557687,0
62280557688,0
62280557684,0
62280557685,0
62280557686,0
62280557687,0
62280557688,0
68179700148,1
62280557684,0
2719162835,1
10980916420,1
62280557685,0
62280557686,0
2719162836,1
62280557687,0
62280557688,0
62280557689,0
62280557690,0
62280557691,0
62280557692,0
62280557693,0
62280557689,0
62280557690,0
68179700053,1
62280557691,0
62280557692,0
62280557693,0
62280557689,0
68179699926,1
62280557690,0
62280557691,0
62280557692,0
62280557693,0
62280557675,0
62280557699,0
62280557699,0
10980916408,1
62280557699,0
41059520794,1
62280557700,0
62280557700,0
62280557700,0
68179700131,1
10980916419,1
10980916387,1
41059520900,1
10980916388,1
41059520900,1
57879702125,0
57879702124,0
2719162903,0
62280557677,0
62280557678,0
10980916429,1
62280557676,0
2719162903,0
62280557676,0
62280557677,0
62280557678,0
62280557677,0
62280557678,0
2719162903,0
62280557679,0
62280557680,0
62280557679,0
62280557680,0
68179699917,1
68179699917,1
68179700111,1
41059521102,1
41059520910,1
62280557676,0
62280557679,0
62280557680,0
62280557681,0
62280557682,0
62280557681,0
68179700111,1
2719162960,1
62280557682,0
62280557681,0
68179700081,1
68179700016,1
68179700111,1
68179700082,1
68179699986,1
62280557682,0
2719162904,0
68179699985,1
68179699954,1
68179699984,1
62280557683,0
62280557668,0
62280557669,0
62280557670,0
62280557671,0
62280557672,0
62280557684,0
62280557685,0
62280557686,0
62280557687,0
62280557688,0
62280557684,0
62280557685,0
62280557686,0
62280557687,0
62280557688,0
68179699955,1
10980916388,1
68179700148,1
62280557684,0
2719162836,1
62280557685,0
62280557686,0
62280557687,0
68179700053,1
62280557688,0
68179700006,1
62280557689,0
62280557690,0
62280557691,0
62280557692,0
62280557693,0
62280557689,0
2719162964,1
68179700072,1
62280557690,0
62280557691,0
62280557692,0
41059520821,1
62280557693,0
62280557689,0
62280557690,0
62280557691,0
62280557692,0
68179700122,1
62280557693,0
62280557675,0
62280557699,0
10980916408,1
62280557699,0
68179700122,1
62280557699,0
62280557700,0
68179699915,1
62280557700,0
62280557700,0
41059520794,1
41059520731,1
68179700131,1
10980916387,1
10980916387,1
41059520900,1
10980916477,1
2719162980,1
10980916388,1
57879702125,0
57879702124,0
62280557677,0
62280557678,0
62280557677,0
62280557678,0
62280557677,0
62280557678,0
68179700013,1
68179700013,1
41059521006,1
62280557676,0
41059520910,1
2719162903,0
62280557676,0
2719162903,0
62280557676,0
62280557681,0
62280557682,0
62280557679,0
62280557680,0
62280557679,0
62280557680,0
62280557679,0
62280557680,0
62280557681,0
2719162967,1
68179700111,1
68179700081,1
2719162770,1
68179700016,1
2719162959,1
68179699983,1
62280557682,0
62280557681,0
2719162832,1
2719162960,1
62280557682,0
2719162904,0
62280557683,0
62280557668,0
62280557669,0
62280557670,0
62280557671,0
62280557672,0
62280557684,0
62280557685,0
62280557686,0
62280557687,0
62280557688,0
62280557684,0
62280557685,0
62280557686,0
68179699986,1
10980916388,1
62280557687,0
68179700148,1
62280557688,0
62280557684,0
62280557685,0
62280557686,0
68179700102,1
62280557687,0
10980916467,1
62280557688,0
62280557689,0
62280557690,0
68179700052,1
62280557691,0
62280557692,0
62280557693,0
2719162836,1
62280557689,0
62280557690,0
62280557691,0
2719162965,1
62280557692,0
62280557693,0
62280557689,0
10980916407,1
62280557690,0
10980916410,1
62280557691,0
2719162967,1
62280557692,0
62280557693,0
62280557675,0
62280557699,0
62280557699,0
62280557699,0
62280557700,0
62280557700,0
62280557700,0
2719162955,1
2719162843,1
10980916477,1
68179699907,1
68179700099,1
10980916477,1
68179700099,1
2719162980,1
41059520900,1
62280557677,0
62280557678,0
2719162903,0
62280557677,0
62280557678,0
62280557677,0
62280557678,0
62280557679,0
62280557680,0
2719162958,1
68179700111,1
62280557676,0
2719162903,0
62280557676,0
62280557681,0
62280557682,0
62280557681,0
68179699984,1
62280557682,0
68179700140,1
62280557679,0
62280557680,0
62280557679,0
62280557680,0
62280557681,0
2719162769,1
68179699985,1
68179700111,1
2719162834,1
2719162770,1
41059520847,1
68179699984,1
62280557682,0
2719162904,0
68179700082,1
68179700016,1
62280557683,0
2719162904,0
62280557684,0
62280557685,0
62280557686,0
62280557687,0
62280557688,0
62280557684,0
62280557685,0
62280557686,0
62280557687,0
62280557688,0
62280557684,0
62280557685,0
62280557686,0
62280557687,0
68179700148,1
62280557688,0
68179699955,1
62280557689,0
62280557690,0
62280557691,0
62280557692,0
62280557693,0
62280557689,0
68179699928,1
62280557690,0
10980916372,1
62280557691,0
62280557692,0
62280557693,0
10980916405,1
62280557689,0
62280557690,0
62280557691,0
62280557692,0
2719162966,1
62280557693,0
62280557694,0
62280557695,0
62280557696,0
62280557697,0
62280557698,0
62280557699,0
68179700122,1
62280557699,0
10980916408,1
2719162814,1
62280557699,0
68179699965,1
62280557700,0
62280557700,0
2719162843,1
62280557700,0
62280557701,0
41059520799,1
68179699907,1
68179700099,1
2719162884,1
68179700100,1
41059520928,1
68179700034,1
68179700101,1
57879702124,0
57879702125,0
2719162903,0
62280557677,0
62280557678,0
62280557677,0
62280557678,0
62280557677,0
62280557678,0
2719162956,1
2719162957,1
10980916429,1
41059521006,1
62280557676,0
62280557679,0
2719162903,0
62280557680,0
62280557676,0
62280557679,0
62280557680,0
2719162903,0
62280557676,0
62280557681,0
62280557682,0
62280557681,0
68179699983,1
68179699985,1
68179699985,1
2719162834,1
68179699984,1
2719162959,1
62280557682,0
62280557681,0
68179700016,1
62280557682,0
62280557680,0
62280557679,0
68179699986,1
68179700111,1
62280557683,0
62280557668,0
62280557669,0
62280557670,0
62280557671,0
62280557672,0
62280557684,0
62280557685,0
62280557686,0
62280557687,0
62280557688,0
62280557684,0
62280557685,0
62280557686,0
62280557687,0
62280557688,0
68179699955,1
68179700100,1
62280557684,0
62280557685,0
62280557686,0
62280557687,0
62280557688,0
62280557689,0
62280557690,0
68179699926,1
62280557691,0
62280557692,0
10980916407,1
62280557693,0
62280557689,0
10980916372,1
62280557690,0
62280557691,0
62280557692,0
10980916405,1
62280557693,0
62280557689,0
62280557690,0
62280557691,0
2719162966,1
62280557692,0
62280557693,0
62280557675,0
62280557699,0
10980916408,1
62280557699,0
10980916410,1
62280557699,0
62280557700,0
68179699915,1
62280557700,0
62280557700,0
68179699907,1
68179700157,1
2719162908,1
68179700099,1
10980916388,1
57879702125,0
57879702124,0
2719162903,0
62280557677,0
62280557678,0
62280557677,0
62280557678,0
62280557677,0
62280557678,0
10980916429,1
68179700013,1
2719162956,1
68179699917,1
41059520910,1
41059521070,1
62280557676,0
41059520910,1
62280557679,0
2719162903,0
62280557680,0
62280557676,0
62280557679,0
2719162903,0
62280557680,0
62280557676,0
62280557679,0
62280557680,0
62280557681,0
62280557682,0
62280557681,0
68179699983,1
68179700082,1
68179699983,1
2719162959,1
62280557682,0
62280557681,0
2719162834,1
2719162832,1
68179699952,1
62280557682,0
2719162904,0
68179699985,1
62280557683,0
62280557668,0
62280557669,0
62280557670,0
62280557671,0
62280557672,0
62280557684,0
62280557685,0
62280557686,0
62280557687,0
62280557688,0
62280557684,0
62280557685,0
62280557686,0
68179699986,1
62280557687,0
62280557688,0
10980916388,1
62280557684,0
62280557685,0
62280557686,0
2719162835,1
62280557687,0
62280557688,0
10980916468,1
62280557689,0
62280557690,0
62280557691,0
62280557692,0
68179700053,1
62280557693,0
62280557689,0
62280557690,0
62280557691,0
2719162965,1
62280557692,0
62280557693,0
62280557689,0
2719162967,1
62280557690,0
62280557691,0
62280557692,0
62280557693,0
68179700122,1
62280557675,0
62280557699,0
62280557699,0
62280557699,0
62280557700,0
62280557700,0
68179700024,1
62280557700,0
2719162955,1
41059520731,1
68179700157,1
68179699907,1
68179700131,1
68179699907,1
41059520932,1
2719162884,1
57879702125,0
57879702124,0
62280557677,0
62280557678,0
62280557677,0
62280557678,0
62280557677,0
62280557678,0
68179699917,1
68179700013,1
68179699917,1
41059520846,1
68179699982,1
62280557676,0
62280557679,0
2719162903,0
62280557680,0
62280557676,0
62280557679,0
2719162903,0
62280557680,0
62280557676,0
62280557679,0
62280557681,0
62280557680,0
62280557682,0
62280557681,0
2719162967,1
68179699985,1
68179699951,1
2719162834,1
2719162832,1
68179699983,1
68179699983,1
62280557682,0
62280557681,0
2719162834,1
2719162960,1
2719162832,1
62280557682,0
2719162904,0
62280557683,0
62280557668,0
62280557669,0
62280557670,0
62280557671,0
62280557672,0
62280557684,0
62280557685,0
62280557686,0
62280557687,0
62280557688,0
62280557684,0
62280557685,0
62280557686,0
68179699986,1
41059520772,1
62280557687,0
10980916468,1
62280557688,0
62280557684,0
62280557685,0
2719162837,1
62280557686,0
68179700102,1
62280557687,0
10980916467,1
62280557688,0
2719162983,1
62280557689,0
62280557690,0
10980916468,1
62280557691,0
68179700052,1
62280557692,0
62280557693,0
68179700053,1
62280557689,0
62280557690,0
2719162965,1
62280557691,0
62280557692,0
62280557693,0
62280557689,0
2719162966,1
62280557690,0
62280557691,0
68179699995,1
62280557692,0
2719162967,1
62280557693,0
62280557675,0
62280557699,0
62280557699,0
62280557699,0
62280557700,0
62280557700,0
62280557700,0
10980916477,1
68179699915,1
2719162843,1
68179699907,1
68179699907,1
10980916477,1
68179700100,1
68179700100,1
68179700100,1
62280557677,0
62280557677,0
62280557678,0
62280557678,0
2719162903,0
62280557677,0
62280557678,0
62280557679,0
62280557680,0
68179700013,1
41059520846,1
68179699982,1
62280557676,0
62280557679,0
2719162903,0
62280557680,0
62280557676,0
62280557679,0
62280557681,0
62280557680,0
62280557682,0
62280557681,0
68179699984,1
62280557682,0
62280557681,0
2719162956,1
68179699985,1
68179699983,1
68179700082,1
68179700082,1
68179700111,1
62280557682,0
2719162904,0
68179699986,1
62280557683,0
2719162904,0
62280557684,0
62280557685,0
62280557686,0
62280557687,0
62280557688,0
62280557684,0
62280557685,0
62280557686,0
62280557687,0
62280557688,0
62280557684,0
62280557685,0
62280557686,0
62280557687,0
68179699928,1
68179700148,1
62280557688,0
62280557689,0
62280557690,0
68179700053,1
62280557691,0
10980916405,1
62280557692,0
62280557693,0
10980916468,1
62280557689,0
62280557690,0
62280557691,0
68179700053,1
62280557692,0
62280557693,0
68179699926,1
62280557689,0
62280557690,0
62280557691,0
62280557692,0
62280557693,0
10980916407,1
62280557694,0
68179699995,1
62280557695,0
10980916408,1
62280557696,0
62280557697,0
10980916410,1
62280557698,0
62280557699,0
62280557699,0
62280557699,0
62280557700,0
62280557700,0
2719162814,1
62280557700,0
68179699995,1
62280557701,0
41059520799,1
68179699907,1
68179700099,1
68179700099,1
10980916420,1
10980916420,1
62280557677,0
62280557678,0
2719162903,0
2719162967,1
41059520846,1
62280557676,0
2719162903,0
62280557677,0
62280557678,0
62280557678,0
62280557677,0
62280557678,0
62280557677,0
62280557679,0
62280557680,0
2719162956,1
41059521070,1
41059520910,1
41059520910,1
68179699917,1
62280557676,0
62280557679,0
2719162903,0
62280557680,0
62280557676,0
62280557679,0
62280557681,0
62280557680,0
62280557682,0
62280557681,0
2719162960,1
62280557682,0
62280557681,0
2719162956,1
10980916407,1
68179699985,1
68179699986,1
2719162834,1
68179699983,1
62280557682,0
68179699954,1
68179699984,1
62280557683,0
62280557684,0
62280557685,0
62280557686,0
62280557687,0
62280557688,0
62280557684,0
62280557685,0
62280557686,0
62280557687,0
62280557688,0
62280557684,0
62280557685,0
62280557686,0
62280557687,0
62280557688,0
68179700051,1
10980916468,1
10980916468,1
62280557684,0
10980916468,1
62280557685,0
68179700053,1
62280557686,0
10980916405,1
62280557687,0
62280557688,0
68179699926,1
62280557689,0
62280557690,0
62280557691,0
62280557692,0
62280557693,0
62280557689,0
68179700052,1
62280557690,0
62280557691,0
62280557692,0
62280557693,0
62280557689,0
62280557690,0
62280557691,0
62280557692,0
41059520794,1
62280557693,0
62280557699,0
62280557699,0
10980916408,1
62280557699,0
62280557699,0
62280557700,0
62280557700,0
62280557700,0
68179700099,1
68179700099,1
10980916387,1
2719162884,1
68179700100,1
57879702125,0
57879702124,0
2719162903,0
62280557677,0
62280557678,0
62280557677,0
62280557678,0
10980916429,1
41059520910,1
41059520910,1
62280557676,0
2719162903,0
62280557676,0
2719162903,0
62280557676,0
62280557677,0
62280557678,0
62280557679,0
62280557680,0
62280557679,0
62280557680,0
62280557679,0
62280557680,0
62280557681,0
10980916439,1
68179699983,1
68179699917,1
68179699985,1
41059520846,1
68179700140,1
62280557682,0
62280557681,0
2719162956,1
68179700111,1
68179699986,1
62280557682,0
62280557681,0
2719162832,1
68179699986,1
62280557682,0
2719162904,0
68179699985,1
62280557683,0
62280557668,0
62280557669,0
62280557670,0
62280557671,0
62280557672,0
62280557684,0
62280557685,0
62280557686,0
62280557687,0
62280557688,0
62280557684,0
62280557685,0
62280557686,0
62280557687,0
10980916468,1
62280557688,0
68179700100,1
62280557684,0
62280557685,0
62280557686,0
62280557687,0
10980916467,1
62280557688,0
68179700052,1
62280557689,0
62280557690,0
62280557691,0
62280557692,0
2719162837,1
62280557693,0
68179700052,1
62280557689,0
62280557690,0
62280557691,0
2719162965,1
62280557692,0
62280557693,0
62280557689,0
2719162967,1
62280557690,0
62280557691,0
62280557692,0
62280557693,0
62280557675,0
62280557699,0
62280557699,0
62280557699,0
62280557700,0
41059520794,1
62280557700,0
10980916408,1
62280557700,0
10980916395,1
41059520795,1
68179699965,1
68179699907,1
10980916419,1
2719162980,1
10980916420,1
57879702125,0
57879702124,0
62280557677,0
62280557678,0
62280557677,0
62280557678,0
62280557677,0
62280557678,0
68179700013,1
68179699982,1
62280557676,0
2719162958,1
62280557679,0
2719162903,0
62280557676,0
2719162903,0
62280557676,0
62280557681,0
62280557682,0
62280557681,0
10980916407,1
68179700081,1
2719162769,1
68179700082,1
62280557680,0
62280557679,0
62280557680,0
62280557679,0
62280557680,0
68179699983,1
2719162960,1
62280557682,0
62280557681,0
2719162960,1
2719162960,1
2719162834,1
62280557682,0
2719162904,0
62280557683,0
62280557668,0
62280557669,0
62280557670,0
62280557671,0
62280557672,0
62280557684,0
62280557685,0
62280557686,0
62280557687,0
62280557688,0
62280557684,0
62280557685,0
62280557686,0
62280557687,0
68179700148,1
68179700100,1
62280557688,0
62280557684,0
62280557685,0
62280557686,0
62280557687,0
62280557688,0
62280557689,0
2719162983,1
62280557690,0
68179700052,1
62280557691,0
62280557692,0
2719162964,1
62280557693,0
62280557689,0
62280557690,0
62280557691,0
62280557692,0
62280557693,0
68179700122,1
62280557689,0
62280557690,0
2719162967,1
62280557691,0
62280557692,0
2719162967,1
62280557693,0
62280557675,0
62280557699,0
62280557699,0
62280557699,0
68179699995,1
62280557700,0
62280557700,0
62280557700,0
10980916395,1
68179699995,1
68179700099,1
68179699907,1
10980916419,1
41059520804,1
2719162884,1
10980916420,1
62280557677,0
62280557678,0
2719162903,0
62280557677,0
62280557678,0
62280557677,0
62280557678,0
62280557679,0
62280557680,0
68179700013,1
41059520846,1
68179699982,1
41059520910,1
62280557676,0
62280557679,0
2719162903,0
62280557680,0
62280557676,0
62280557681,0
62280557682,0
62280557681,0
68179699984,1
62280557682,0
62280557681,0
68179700140,1
2719162769,1
68179700081,1
2719162770,1
68179699986,1
2719162832,1
62280557682,0
62280557679,0
62280557680,0
2719162904,0
68179699983,1
68179699954,1
68179699928,1
41059520784,1
62280557683,0
2719162904,0
62280557684,0
62280557685,0
62280557686,0
62280557687,0
62280557688,0
62280557684,0
62280557685,0
62280557686,0
62280557687,0
62280557688,0
62280557684,0
62280557685,0
62280557686,0
62280557687,0
2719162836,1
62280557688,0
68179700052,1
62280557689,0
62280557690,0
2719162837,1
62280557691,0
62280557692,0
62280557693,0
62280557689,0
62280557690,0
62280557691,0
10980916405,1
62280557692,0
62280557693,0
62280557689,0
62280557690,0
68179700122,1
62280557691,0
62280557692,0
62280557693,0
2719162967,1
62280557694,0
68179699995,1
62280557695,0
62280557696,0
62280557697,0
62280557698,0
62280557699,0
62280557699,0
62280557699,0
68179700122,1
62280557700,0
62280557700,0
62280557700,0
68179699995,1
62280557701,0
68179700099,1
10980916419,1
68179700099,1
2719162884,1
2719162949,1
62280557677,0
62280557678,0
2719162903,0
62280557677,0
62280557678,0
62280557677,0
62280557678,0
62280557679,0
62280557680,0
41059520846,1
41059520846,1
41059520846,1
62280557676,0
62280557679,0
2719162903,0
62280557680,0
62280557676,0
62280557679,0
2719162903,0
62280557680,0
62280557676,0
62280557679,0
62280557681,0
62280557680,0
68179699984,1
62280557682,0
62280557681,0
68179699983,1
68179700081,1
68179699954,1
2719162956,1
68179699985,1
68179700016,1
68179700111,1
62280557682,0
62280557681,0
68179699954,1
68179700016,1
62280557682,0
2719162904,0
62280557683,0
62280557684,0
62280557685,0
62280557686,0
62280557687,0
62280557688,0
62280557684,0
62280557685,0
62280557686,0
62280557687,0
62280557688,0
62280557684,0
62280557685,0
62280557686,0
68179699954,1
2719162968,1
62280557687,0
68179700148,1
62280557688,0
2719162964,1
62280557689,0
62280557690,0
62280557691,0
62280557692,0
62280557693,0
68179700148,1
62280557689,0
62280557690,0
62280557691,0
62280557692,0
62280557693,0
68179700053,1
62280557689,0
62280557690,0
68179699995,1
62280557691,0
62280557692,0
62280557693,0
62280557689,0
62280557690,0
62280557691,0
10980916407,1
62280557692,0
62280557693,0
62280557699,0
68179700122,1
68179700025,1
62280557699,0
62280557699,0
62280557700,0
62280557700,0
62280557700,0
62280557700,0
68179700131,1
68179699907,1
68179700131,1
2719162884,1
2719162884,1
2719162884,1
57879702125,0
57879702124,0
2719162903,0
62280557677,0
62280557678,0
62280557677,0
62280557678,0
62280557677,0
62280557678,0
68179699917,1
2719162956,1
68179699917,1
41059520910,1
62280557676,0
41059520846,1
62280557679,0
2719162903,0
62280557680,0
62280557676,0
62280557679,0
2719162903,0
62280557680,0
62280557676,0
62280557679,0
62280557680,0
62280557681,0
62280557682,0
62280557681,0
10980916439,1
68179699954,1
2719162832,1
2719162959,1
2719162959,1
62280557682,0
62280557681,0
68179699986,1
2719162960,1
68179700016,1
62280557682,0
2719162904,0
62280557683,0
62280557668,0
62280557669,0
62280557670,0
62280557671,0
62280557672,0
62280557684,0
62280557685,0
62280557686,0
62280557687,0
62280557688,0
62280557684,0
62280557685,0
62280557686,0
62280557687,0
68179700148,1
10980916420,1
62280557688,0
62280557684,0
62280557685,0
62280557686,0
62280557687,0
68179700070,1
62280557688,0
68179699955,1
62280557689,0
62280557690,0
62280557691,0
68179700052,1
2719162964,1
62280557692,0
62280557693,0
68179700053,1
62280557689,0
62280557690,0
68179700053,1
62280557691,0
62280557692,0
62280557693,0
62280557689,0
2719162966,1
62280557690,0
62280557691,0
41059520727,1
62280557692,0
62280557693,0
10980916409,1
62280557675,0
62280557699,0
10980916408,1
62280557699,0
10980916408,1
62280557699,0
62280557700,0
62280557700,0
62280557700,0
10980916477,1
2719162787,1
68179700131,1
10980916387,1
41059520804,1
41059520900,1
10980916420,1
41059520782,0
41059520782,0
41059520782,0
41059520910,1
41059520910,1
41059521006,1
10980916399,0
10980916399,0
10980916399,0
41059520782,0
41059520782,0
41059520782,0
68179700111,1
68179700111,1
2719162959,1
41059520910,1
10980916399,0
10980916399,0
68179700111,1
68179700111,1
62280557702,0
62280557702,0
62280557702,0
10980916399,0
62280557702,0
62280557702,0
62280557702,0
62280557702,0
62280557702,0
62280557702,0
62280557702,0
62280557703,0
62280557703,0
62280557703,0
62280557703,0
62280557703,0
41059520838,1
62280557703,0
2719162904,0
68179700102,1
68179700006,1
68179700006,1
62280557703,0
62280557703,0
62280557703,0
62280557703,0
62280557702,0
68179700102,1
62280557703,0
68179700006,1
62280557702,0
62280557703,0
62280557704,0
62280557683,0
2719162983,1
2719162904,0
62280557704,0
41059520967,1
41059520871,1
62280557704,0
62280557683,0
41059520871,1
2719162904,0
62280557683,0
2719162904,0
68179700006,1
62280557683,0
41059520935,1
68179700102,1
10980916467,1
41059520872,1
2719162904,0
62280557683,0
2719162904,0
62280557683,0
2719162904,0
41059520755,1
62280557683,0
62280557706,0
2719162835,1
68179699928,1
62280557683,0
41059520872,1
68179699928,1
2719162995,1
68179699928,1
62280557706,0
43398299605,0
62280557706,0
43398299605,0
62280557706,0
43398299605,0
62280557706,0
43398299605,0
62280557706,0
2719162794,1
2719162835,1
62280557705,0
2719162954,1
62280557705,0
62280557705,0
68179699955,1
62280557704,0
62280557705,0
62280557704,0
62280557705,0
2719162963,1
10980916457,1
2719162794,1
62280557704,0
62280557705,0
2719162965,1
2719162963,1
62280557704,0
2719162794,1
62280557705,0
62280557704,0
62280557705,0
68179700072,1
62280557704,0
2719162794,1
43398299605,0
62280557706,0
41059520872,1
62280557705,0
62280557704,0
41059520821,1
2719162837,1
62280557705,0
41059520872,1
43398299605,0
10980916361,1
62280557706,0
2719162837,1
43398299605,0
62280557706,0
43398299605,0
62280557706,0
62280557704,0
62280557705,0
62280557704,0
43398299605,0
62280557706,0
41059520810,1
43398299605,0
2719162837,1
62280557706,0
41059520725,1
10980916405,1
2719162986,1
10980916457,1
43398299605,0
2719162909,0
43398299605,0
2719162909,0
62280557709,0
62280557705,0
62280557707,0
62280557708,0
62280557707,0
62280557708,0
41059520725,1
41059520810,1
68179700072,1
2719162909,0
2719162837,1
62280557709,0
2719162909,0
62280557709,0
2719162909,0
62280557707,0
62280557708,0
10980916395,1
10980916477,1
62280557709,0
68179699915,1
2719162909,0
62280557709,0
2719162909,0
62280557709,0
2719162909,0
62280557709,0
62280557694,0
62280557695,0
62280557696,0
62280557697,0
10980916477,1
62280557698,0
68179700062,1
62280557694,0
41059520799,1
62280557695,0
62280557696,0
62280557697,0
62280557698,0
62280557694,0
62280557695,0
62280557696,0
62280557697,0
62280557698,0
62280557694,0
62280557695,0
62280557696,0
62280557697,0
62280557698,0
10980916478,1
41059520865,1
68179700130,1
68179700159,1
62280557694,0
62280557695,0
62280557696,0
62280557697,0
62280557698,0
62280557694,0
62280557695,0
62280557696,0
68179700129,1
41059520865,1
62280557697,0
68179700130,1
62280557698,0
62280557694,0
62280557695,0
62280557696,0
62280557697,0
62280557698,0
62280557694,0
62280557695,0
62280557696,0
68179700159,1
62280557697,0
62280557698,0
68179700129,1
62280557694,0
62280557695,0
41059520864,1
10980916385,1
68179699937,1
62280557696,0
62280557697,0
62280557698,0
62280557694,0
10980916385,1
62280557695,0
68179700034,1
62280557696,0
62280557697,0
62280557698,0
2719162850,1
62280557694,0
2719162847,1
62280557695,0
10980916383,1
62280557696,0
62280557697,0
2719162847,1
62280557698,0
62280557694,0
62280557695,0
62280557696,0
62280557697,0
10980916414,1
68179699937,1
62280557698,0
62280557710,0
68179700034,1
62280557711,0
68179699937,1
62280557712,0
62280557713,0
62280557714,0
2719162850,1
62280557710,0
62280557711,0
2719163008,1
10980916478,1
41059521006,1
62280557712,0
62280557713,0
10980916383,1
62280557714,0
41059520910,1
62280557710,0
68179699983,1
62280557711,0
2719162850,1
62280557712,0
62280557713,0
62280557714,0
62280557710,0
68179700130,1
62280557711,0
68179700016,1
2719162960,1
62280557712,0
62280557713,0
62280557714,0
2719162834,1
2719162770,1
62280557710,0
62280557711,0
62280557712,0
2719162769,1
62280557713,0
62280557714,0
68179700111,1
62280557710,0
62280557711,0
2719162769,1
62280557712,0
68179700034,1
62280557713,0
68179699986,1
62280557714,0
41059521006,1
62280557710,0
62280557711,0
68179699982,1
62280557712,0
62280557713,0
2719162769,1
62280557714,0
68179699986,1
62280557710,0
68179699982,1
62280557711,0
68179700082,1
62280557712,0
62280557713,0
2719162960,1
62280557714,0
68179700111,1
62280557710,0
62280557711,0
62280557712,0
62280557713,0
41059521006,1
62280557714,0
2719162960,1
62280557710,0
62280557711,0
62280557712,0
62280557713,0
68179699986,1
68179700111,1
62280557714,0
62280557710,0
2719162959,1
62280557711,0
62280557712,0
68179699985,1
62280557713,0
68179700082,1
62280557714,0
41059521070,1
62280557710,0
62280557711,0
62280557712,0
41059520784,1
62280557713,0
62280557714,0
62280557715,0
62280557716,0
2719162959,1
62280557717,0
68179699954,1
62280557718,0
41059520784,1
62280557719,0
10980916467,1
62280557715,0
62280557716,0
62280557717,0
68179699985,1
41059520910,1
41059520853,1
10980916467,1
62280557718,0
62280557719,0
68179700111,1
62280557715,0
62280557716,0
41059520788,1
62280557717,0
2719162960,1
62280557718,0
62280557719,0
62280557715,0
41059520821,1
62280557716,0
62280557717,0
2719162964,1
62280557718,0
62280557719,0
62280557701,0
2719162836,1
62280557701,0
68179699986,1
62280557701,0
62280557701,0
62280557701,0
62280557701,0
68179699986,1
62280557701,0
10980916467,1
2719162949,1
62280557701,0
2719162835,1
62280557701,0
62280557701,0
62280557701,0
2719162836,1
62280557701,0
2719162949,1
62280557720,0
62280557720,0
68179700053,1
62280557720,0
62280557720,0
62280557720,0
62280557720,0
62280557720,0
62280557720,0
68179700024,1
62280557720,0
68179700016,1
62280557720,0
62280557720,0
62280557720,0
2719162968,1
62280557721,0
68179699928,1
62280557721,0
62280557721,0
62280557721,0
68179700024,1
10980916408,1
68179699928,1
10980916408,1
68179700024,1
62280557703,0
62280557702,0
2719162904,0
62280557702,0
62280557703,0
62280557702,0
62280557703,0
62280557704,0
62280557705,0
41059520871,1
68179700006,1
41059520838,1
62280557683,0
62280557704,0
2719162904,0
62280557705,0
62280557683,0
62280557704,0
62280557706,0
62280557705,0
43398299605,0
62280557707,0
62280557706,0
62280557708,0
43398299605,0
62280557706,0
68179700042,1
2719162954,1
41059520755,1
10980916405,1
2719162909,0
68179700053,1
62280557709,0
2719162909,0
62280557709,0
62280557694,0
62280557695,0
62280557696,0
62280557697,0
62280557698,0
62280557694,0
62280557695,0
62280557696,0
62280557697,0
62280557698,0
62280557694,0
62280557695,0
62280557696,0
10980916477,1
62280557697,0
41059520864,1
62280557698,0
68179700159,1
62280557710,0
62280557711,0
68179699937,1
62280557712,0
62280557713,0
68179700034,1
68179699917,1
62280557714,0
62280557710,0
62280557711,0
62280557712,0
41059520865,1
62280557713,0
68179699983,1
68179700062,1
62280557714,0
2719162850,1
62280557710,0
62280557711,0
62280557712,0
62280557713,0
62280557714,0
41059520767,1
68179700081,1
68179700111,1
41059520846,1
62280557715,0
10980916478,1
62280557716,0
68179699954,1
62280557717,0
41059521070,1
62280557718,0
62280557719,0
68179699983,1
62280557701,0
62280557701,0
62280557701,0
62280557720,0
62280557720,0
10980916467,1
62280557720,0
62280557721,0
68179700082,1
2719162965,1
68179699926,1
10980916408,1
2719162836,1
62280557702,0
62280557703,0
62280557702,0
62280557703,0
62280557702,0
62280557703,0
62280557704,0
62280557705,0
68179700006,1
68179700006,1
10980916457,1
62280557683,0
62280557704,0
2719162904,0
62280557705,0
62280557683,0
62280557704,0
62280557706,0
62280557705,0
43398299605,0
62280557707,0
62280557706,0
62280557708,0
43398299605,0
62280557706,0
41059520787,1
68179699928,1
2719162954,1
2719162954,1
41059520778,1
2719162955,1
2719162956,1
41059520755,1
43398299605,0
2719162909,0
68179700053,1
68179700053,1
62280557709,0
68179700157,1
2719162909,0
62280557709,0
62280557694,0
62280557695,0
62280557696,0
62280557697,0
62280557698,0
62280557694,0
62280557695,0
62280557696,0
62280557697,0
62280557698,0
62280557694,0
62280557695,0
62280557696,0
62280557697,0
62280557698,0
62280557710,0
62280557711,0
68179700129,1
62280557712,0
62280557713,0
68179700130,1
62280557714,0
62280557710,0
41059520960,1
68179699982,1
62280557711,0
10980916385,1
62280557712,0
41059520865,1
62280557713,0
68179699983,1
68179700062,1
62280557714,0
10980916386,1
62280557710,0
62280557711,0
62280557712,0
41059520799,1
62280557713,0
62280557714,0
62280557715,0
62280557716,0
2719162959,1
68179700016,1
10980916478,1
62280557717,0
62280557718,0
2719162769,1
62280557719,0
62280557701,0
68179699986,1
62280557701,0
2719162959,1
62280557701,0
68179699955,1
62280557720,0
62280557720,0
62280557720,0
62280557721,0
68179699954,1
2719162965,1
68179699928,1
68179699985,1
68179699986,1
68179699926,1
68179700024,1
41059520816,1
2719162836,1
62280557702,0
62280557703,0
2719162904,0
10980916408,1
62280557683,0
62280557702,0
62280557703,0
62280557704,0
62280557705,0
2719162904,0
62280557704,0
62280557705,0
62280557704,0
62280557705,0
41059520755,1
68179699928,1
41059520871,1
68179700073,1
10980916457,1
62280557683,0
62280557704,0
62280557706,0
62280557705,0
43398299605,0
62280557706,0
43398299605,0
62280557706,0
10980916361,1
43398299605,0
2719162909,0
68179700042,1
10980916477,1
10980916405,1
68179700053,1
10980916457,1
62280557709,0
2719162909,0
62280557694,0
62280557695,0
62280557696,0
62280557697,0
62280557698,0
62280557694,0
62280557695,0
62280557696,0
62280557697,0
62280557698,0
62280557710,0
62280557711,0
62280557712,0
62280557713,0
68179700013,1
10980916478,1
62280557714,0
62280557710,0
62280557711,0
62280557712,0
68179699937,1
62280557713,0
62280557714,0
10980916386,1
41059520910,1
62280557710,0
62280557711,0
2719162959,1
68179699982,1
62280557712,0
62280557713,0
62280557714,0
68179700111,1
62280557710,0
68179700130,1
62280557711,0
62280557712,0
62280557713,0
2719162769,1
2719162769,1
2719162959,1
2719162847,1
62280557714,0
68179699954,1
62280557715,0
62280557716,0
68179699982,1
62280557717,0
2719162959,1
62280557718,0
62280557719,0
68179700016,1
62280557701,0
2719162832,1
62280557701,0
62280557720,0
62280557720,0
62280557720,0
10980916468,1
62280557720,0
68179699928,1
62280557721,0
68179699954,1
2719162960,1
2719162832,1
68179699928,1
68179700024,1
41059520727,1
10980916467,1
62280557702,0
62280557703,0
2719162904,0
62280557702,0
62280557703,0
68179699928,1
41059520935,1
62280557683,0
2719162904,0
62280557683,0
62280557706,0
62280557702,0
62280557703,0
62280557704,0
62280557705,0
62280557704,0
62280557705,0
62280557704,0
62280557705,0
2719162835,1
68179700024,1
68179700006,1
10980916457,1
43398299605,0
68179700072,1
62280557707,0
62280557706,0
62280557708,0
43398299605,0
68179699955,1
62280557706,0
10980916457,1
43398299605,0
2719162909,0
10980916405,1
41059520778,1
68179700041,1
62280557709,0
41059520821,1
10980916477,1
10980916395,1
2719162837,1
68179699917,1
62280557709,0
62280557694,0
62280557695,0
62280557696,0
62280557697,0
62280557698,0
62280557694,0
62280557695,0
62280557696,0
62280557697,0
62280557698,0
62280557694,0
62280557695,0
62280557696,0
62280557697,0
62280557698,0
68179700013,1
68179700062,1
62280557710,0
2719163008,1
62280557711,0
2719162847,1
62280557712,0
2719162847,1
62280557713,0
41059520737,1
62280557714,0
62280557710,0
62280557711,0
10980916386,1
62280557712,0
62280557713,0
41059520897,1
62280557714,0
68179699983,1
62280557710,0
68179699937,1
41059521070,1
62280557711,0
62280557712,0
62280557713,0
68179700034,1
62280557714,0
62280557715,0
62280557716,0
62280557717,0
62280557718,0
62280557719,0
62280557701,0
68179700081,1
62280557701,0
41059520943,1
62280557701,0
2719162995,1
2719162949,1
62280557720,0
68179699985,1
62280557720,0
62280557720,0
62280557721,0
68179700081,1
68179700053,1
68179699926,1
68179700024,1
2719162832,1
10980916407,1
62280557703,0
62280557702,0
2719162904,0
62280557702,0
62280557703,0
62280557702,0
62280557703,0
62280557704,0
62280557705,0
68179700006,1
68179700006,1
10980916391,1
62280557683,0
2719162904,0
62280557683,0
62280557706,0
43398299605,0
62280557706,0
43398299605,0
62280557704,0
62280557705,0
62280557704,0
62280557705,0
62280557707,0
62280557706,0
62280557708,0
68179699955,1
68179700042,1
68179700042,1
10980916395,1
68179700042,1
2719162963,1
2719162837,1
43398299605,0
2719162909,0
10980916457,1
41059520821,1
62280557709,0
2719162909,0
62280557709,0
62280557694,0
62280557695,0
62280557696,0
62280557697,0
62280557698,0
62280557694,0
62280557695,0
62280557696,0
62280557697,0
62280557698,0
62280557694,0
62280557695,0
62280557696,0
68179699917,1
68179700062,1
62280557697,0
62280557698,0
62280557710,0
62280557711,0
10980916385,1
62280557712,0
62280557713,0
2719162957,1
62280557714,0
62280557710,0
41059520846,1
62280557711,0
62280557712,0
68179700129,1
62280557713,0
68179699983,1
10980916478,1
62280557714,0
10980916386,1
62280557710,0
68179700130,1
62280557711,0
62280557712,0
2719162847,1
62280557713,0
62280557714,0
62280557715,0
62280557716,0
68179700111,1
2719162960,1
10980916478,1
62280557717,0
62280557718,0
68179699985,1
62280557719,0
62280557701,0
62280557701,0
68179699985,1
68179700016,1
68179700052,1
10980916370,1
41059520767,1
62280557701,0
62280557720,0
62280557720,0
62280557720,0
68179700053,1
62280557721,0
2719162960,1
10980916408,1
10980916467,1
68179699983,1
62280557703,0
62280557702,0
62280557702,0
62280557703,0
62280557702,0
62280557703,0
62280557704,0
62280557705,0
2719162983,1
62280557683,0
62280557704,0
2719162904,0
62280557705,0
62280557683,0
62280557704,0
62280557705,0
62280557706,0
43398299605,0
62280557706,0
43398299605,0
62280557706,0
2719162954,1
2719162835,1
68179700042,1
2719162965,1
68179700053,1
43398299605,0
2719162909,0
62280557709,0
62280557707,0
62280557708,0
2719162909,0
10980916477,1
68179699917,1
2719162955,1
62280557709,0
62280557694,0
62280557695,0
62280557696,0
62280557697,0
62280557698,0
62280557694,0
62280557695,0
62280557696,0
62280557697,0
62280557698,0
62280557694,0
62280557695,0
62280557696,0
62280557697,0
62280557698,0
62280557710,0
62280557711,0
41059520799,1
62280557712,0
62280557713,0
62280557714,0
62280557710,0
62280557711,0
62280557712,0
41059521006,1
62280557713,0
68179700129,1
62280557714,0
68179699983,1
62280557710,0
68179700129,1
62280557711,0
62280557712,0
62280557713,0
68179700034,1
62280557714,0
2719162959,1
62280557715,0
62280557716,0
41059520799,1
62280557717,0
62280557718,0
62280557719,0
2719162959,1
62280557701,0
68179700016,1
62280557701,0
62280557701,0
68179700081,1
2719162960,1
62280557720,0
68179699954,1
68179700101,1
62280557720,0
41059520787,1
62280557720,0
2719162769,1
62280557721,0
2719162836,1
68179699986,1
41059520821,1
68179699926,1
62280557702,0
62280557703,0
2719162904,0
62280557702,0
62280557703,0
62280557704,0
62280557705,0
62280557704,0
62280557705,0
68179700073,1
62280557683,0
68179700041,1
62280557704,0
62280557706,0
62280557705,0
43398299605,0
62280557707,0
62280557706,0
62280557708,0
43398299605,0
62280557706,0
43398299605,0
62280557706,0
2719162954,1
2719162835,1
68179700042,1
68179700042,1
2719162965,1
43398299605,0
2719162909,0
62280557709,0
2719162909,0
62280557694,0
62280557695,0
62280557696,0
62280557697,0
62280557698,0
62280557694,0
62280557695,0
62280557696,0
62280557697,0
62280557698,0
62280557710,0
62280557711,0
2719162965,1
10980916477,1
62280557712,0
62280557713,0
62280557714,0
68179700062,1
68179699917,1
41059520910,1
62280557710,0
62280557711,0
62280557712,0
68179699983,1
62280557713,0
62280557714,0
68179699937,1
62280557710,0
62280557711,0
41059520928,1
62280557712,0
41059520910,1
68179700016,1
62280557713,0
62280557714,0
68179700111,1
62280557715,0
41059520910,1
62280557716,0
68179700130,1
62280557717,0
62280557718,0
68179699986,1
62280557719,0
62280557715,0
62280557716,0
41059520799,1
62280557717,0
62280557718,0
62280557719,0
68179700016,1
41059520851,1
62280557701,0
62280557701,0
68179700052,1
62280557720,0
10980916370,1
2719162949,1
62280557720,0
62280557720,0
41059520821,1
62280557721,0
62280557721,0
68179700052,1
68179699954,1
2719162837,1
10980916408,1
10980916407,1
68179700041,1
62280557702,0
62280557703,0
2719162904,0
62280557702,0
62280557703,0
62280557702,0
62280557703,0
62280557704,0
62280557705,0
68179699928,1
68179700072,1
62280557683,0
62280557704,0
2719162904,0
62280557705,0
62280557683,0
62280557704,0
62280557706,0
62280557705,0
43398299605,0
62280557707,0
62280557708,0
62280557706,0
43398299605,0
62280557706,0
68179700024,1
2719162954,1
41059520874,1
41059520811,1
2719162835,1
43398299605,0
2719162909,0
10980916405,1
62280557709,0
41059520725,1
62280557709,0
62280557694,0
62280557695,0
62280557696,0
62280557697,0
62280557698,0
68179699917,1
62280557694,0
62280557695,0
62280557696,0
62280557697,0
62280557698,0
62280557694,0
62280557695,0
62280557696,0
62280557697,0
62280557698,0
62280557710,0
62280557711,0
62280557712,0
2719163006,1
62280557713,0
62280557714,0
10980916386,1
62280557710,0
62280557711,0
62280557712,0
41059520846,1
62280557713,0
62280557714,0
41059520897,1
68179700062,1
62280557710,0
62280557711,0
68179700034,1
41059521006,1
62280557712,0
2719162847,1
62280557713,0
62280557714,0
41059520847,1
62280557715,0
62280557716,0
62280557717,0
10980916418,1
2719162768,1
62280557718,0
62280557719,0
62280557701,0
68179700081,1
62280557701,0
68179699986,1
62280557701,0
41059520943,1
2719162832,1
41059520901,1
62280557720,0
62280557720,0
62280557720,0
62280557721,0
68179700052,1
68179700082,1
68179700053,1
2719162832,1
68179700024,1
10980916407,1
68179699954,1
62280557703,0
62280557702,0
2719162904,0
62280557702,0
62280557703,0
62280557702,0
62280557703,0
62280557704,0
62280557705,0
41059520871,1
68179700070,1
41059520872,1
2719162983,1
62280557683,0
62280557704,0
2719162904,0
62280557705,0
62280557683,0
62280557704,0
62280557706,0
62280557705,0
43398299605,0
62280557707,0
62280557706,0
62280557708,0
43398299605,0
62280557706,0
68179699955,1
10980916408,1
2719162954,1
2719162955,1
2719162995,1
10980916405,1
43398299605,0
2719162909,0
2719162965,1
62280557709,0
2719162909,0
62280557709,0
62280557694,0
62280557695,0
62280557696,0
62280557697,0
62280557698,0
62280557694,0
62280557695,0
62280557696,0
62280557697,0
62280557698,0
62280557694,0
62280557695,0
62280557696,0
68179700013,1
68179700062,1
62280557697,0
62280557698,0
62280557710,0
68179700159,1
62280557711,0
10980916385,1
62280557712,0
62280557713,0
10980916386,1
2719162957,1
62280557714,0
62280557710,0
68179699936,1
41059520846,1
62280557711,0
62280557712,0
62280557713,0
68179700111,1
68179700062,1
62280557714,0
10980916386,1
62280557710,0
62280557711,0
62280557712,0
62280557713,0
62280557714,0
41059521102,1
62280557715,0
62280557716,0
68179700111,1
2719162832,1
68179700062,1
62280557717,0
62280557718,0
68179699985,1
41059520846,1
62280557719,0
62280557701,0
2719162770,1
62280557701,0
2719162959,1
62280557701,0
2719162835,1
2719162768,1
62280557720,0
62280557720,0
62280557720,0
2719162836,1
62280557721,0
68179700082,1
2719162960,1
68179699928,1
68179700081,1
68179699986,1
68179699928,1
62280557703,0
62280557702,0
68179700006,1
62280557683,0
62280557702,0
62280557703,0
62280557702,0
62280557703,0
2719162904,0
62280557704,0
62280557705,0
62280557704,0
62280557705,0
2719162835,1
68179700006,1
10980916408,1
62280557683,0
62280557704,0
62280557706,0
62280557705,0
43398299605,0
62280557707,0
62280557706,0
62280557708,0
43398299605,0
68179700072,1
62280557706,0
43398299605,0
2719162909,0
68179699955,1
2719162954,1
2719162955,1
2719162956,1
68179700053,1
10980916361,1
62280557709,0
2719162909,0
62280557709,0
62280557694,0
62280557695,0
62280557696,0
62280557697,0
62280557698,0
62280557694,0
62280557695,0
62280557696,0
62280557697,0
62280557698,0
62280557694,0
62280557695,0
62280557696,0
62280557697,0
62280557698,0
41059520799,1
62280557710,0
62280557711,0
68179700129,1
62280557712,0
68179699982,1
62280557713,0
2719162850,1
62280557714,0
68179700111,1
62280557710,0
62280557711,0
62280557712,0
62280557713,0
62280557714,0
41059520897,1
62280557710,0
10980916386,1
62280557711,0
68179700016,1
62280557712,0
41059520831,1
62280557713,0
62280557714,0
62280557715,0
62280557716,0
62280557717,0
62280557718,0
2719162834,1
62280557719,0
62280557701,0
62280557701,0
41059520799,1
62280557701,0
41059520847,1
68179699955,1
62280557720,0
2719162832,1
62280557720,0
62280557720,0
62280557721,0
2719162769,1
2719162770,1
2719162966,1
68179700082,1
68179699928,1
62280557702,0
62280557703,0
2719162904,0
62280557702,0
62280557703,0
68179699928,1
41059520935,1
62280557683,0
62280557706,0
43398299605,0
62280557704,0
62280557705,0
62280557704,0
62280557705,0
62280557704,0
62280557706,0
62280557705,0
62280557707,0
62280557708,0
2719162835,1
41059520778,1
68179700072,1
41059520810,1
68179699915,1
10980916457,1
68179700041,1
43398299605,0
62280557706,0
43398299605,0
2719162909,0
10980916361,1
68179700053,1
62280557709,0
2719162909,0
62280557709,0
2719162909,0
10980916405,1
62280557694,0
62280557695,0
62280557696,0
62280557697,0
62280557698,0
41059520874,1
62280557694,0
62280557695,0
62280557696,0
62280557697,0
62280557698,0
62280557710,0
62280557711,0
62280557712,0
62280557713,0
62280557714,0
41059520864,1
62280557710,0
41059521006,1
62280557711,0
62280557712,0
41059521006,1
62280557713,0
62280557714,0
62280557710,0
68179700111,1
62280557711,0
68179700129,1
62280557712,0
62280557713,0
62280557714,0
68179699982,1
68179700062,1
62280557715,0
62280557716,0
2719162768,1
41059520847,1
62280557717,0
68179700016,1
62280557718,0
62280557719,0
62280557715,0
62280557716,0
68179700081,1
62280557717,0
2719162962,1
62280557718,0
2719162834,1
62280557719,0
62280557701,0
2719162960,1
62280557701,0
62280557720,0
62280557720,0
68179700081,1
62280557720,0
41059520820,1
68179699955,1
62280557721,0
2719162834,1
62280557721,0
68179699928,1
2719162965,1
68179700024,1
2719162836,1
68179700024,1
2719162966,1
68179700053,1
10980916407,1
68179700073,1
62280557702,0
62280557703,0
2719162904,0
62280557702,0
62280557703,0
62280557702,0
62280557703,0
10980916408,1
2719162983,1
41059520935,1
62280557683,0
2719162904,0
62280557683,0
62280557706,0
43398299605,0
62280557706,0
62280557704,0
62280557705,0
62280557705,0
62280557704,0
62280557705,0
62280557704,0
62280557707,0
62280557708,0
2719162995,1
68179700024,1
41059520810,1
41059520874,1
2719162795,1
68179700051,1
43398299605,0
62280557706,0
43398299605,0
2719162909,0
10980916405,1
10980916457,1
2719162837,1
41059520778,1
62280557709,0
62280557709,0
62280557694,0
62280557695,0
62280557696,0
62280557697,0
62280557698,0
62280557694,0
62280557695,0
62280557696,0
62280557697,0
62280557698,0
62280557694,0
62280557695,0
62280557696,0
68179699917,1
62280557697,0
62280557698,0
68179699917,1
68179700062,1
62280557710,0
10980916480,1
10980916478,1
62280557711,0
62280557712,0
41059520737,1
62280557713,0
41059521006,1
41059520799,1
62280557714,0
62280557710,0
10980916386,1
62280557711,0
2719162959,1
62280557712,0
62280557713,0
62280557714,0
41059521070,1
62280557710,0
41059520847,1
10980916480,1
62280557711,0
41059520897,1
62280557712,0
62280557713,0
41059520737,1
62280557714,0
41059521006,1
10980916386,1
62280557715,0
62280557716,0
68179700081,1
62280557717,0
10980916386,1
62280557718,0
41059520943,1
62280557719,0
62280557701,0
62280557701,0
41059520754,1
62280557701,0
2719162960,1
62280557720,0
62280557720,0
62280557720,0
68179700081,1
68179699928,1
62280557721,0
2719162835,1
2719162836,1
68179699928,1
68179700053,1
62280557703,0
62280557702,0
2719162904,0
62280557702,0
62280557703,0
62280557702,0
62280557703,0
62280557704,0
62280557705,0
2719162983,1
68179700024,1
68179700006,1
68179700006,1
2719162983,1
2719162983,1
62280557683,0
62280557704,0
2719162904,0
62280557705,0
62280557683,0
62280557706,0
43398299605,0
62280557706,0
43398299605,0
62280557706,0
2719162835,1
68179699928,1
41059520778,1
41059520810,1
41059520874,1
68179699955,1
43398299605,0
62280557704,0
62280557705,0
62280557707,0
62280557708,0
2719162909,0
2719162965,1
62280557709,0
2719162909,0
62280557709,0
62280557694,0
62280557695,0
62280557696,0
62280557697,0
62280557698,0
62280557694,0
62280557695,0
62280557696,0
62280557697,0
62280557698,0
62280557694,0
62280557695,0
62280557696,0
68179699917,1
68179700062,1
62280557697,0
62280557698,0
62280557710,0
41059520799,1
62280557711,0
41059520769,1
62280557712,0
62280557713,0
68179700130,1
2719162957,1
62280557714,0
68179699936,1
62280557710,0
68179699936,1
62280557711,0
62280557712,0
68179700062,1
62280557713,0
2719162959,1
62280557714,0
2719162850,1
62280557710,0
62280557711,0
41059520799,1
62280557712,0
62280557713,0
62280557714,0
62280557715,0
62280557716,0
2719162959,1
68179700062,1
62280557717,0
62280557718,0
62280557719,0
41059520799,1
62280557701,0
2719162959,1
62280557701,0
2719162834,1
62280557701,0
2719162832,1
62280557720,0
62280557720,0
62280557720,0
62280557721,0
2719162836,1
68179699985,1
68179700016,1
68179700081,1
68179700082,1
62280557703,0
62280557702,0
62280557702,0
62280557703,0
62280557702,0
62280557703,0
62280557704,0
62280557705,0
68179700006,1
68179700006,1
62280557683,0
62280557704,0
2719162904,0
62280557705,0
62280557683,0
62280557704,0
62280557706,0
62280557705,0
43398299605,0
62280557707,0
62280557706,0
43398299605,0
62280557706,0
2719162954,1
41059520778,1
68179700139,1
68179700051,1
10980916405,1
43398299605,0
2719162909,0
62280557709,0
2719162909,0
62280557708,0
68179699965,1
62280557709,0
62280557694,0
62280557695,0
62280557696,0
62280557697,0
62280557698,0
62280557694,0
62280557695,0
62280557696,0
62280557697,0
62280557698,0
62280557694,0
62280557695,0
62280557696,0
62280557697,0
62280557698,0
62280557710,0
41059520768,1
62280557711,0
62280557712,0
41059520799,1
62280557713,0
62280557714,0
62280557710,0
62280557711,0
10980916386,1
62280557712,0
41059521006,1
62280557713,0
62280557714,0
2719162959,1
62280557710,0
62280557711,0
68179699937,1
62280557712,0
62280557713,0
62280557714,0
62280557715,0
2719162850,1
62280557716,0
62280557717,0
62280557718,0
62280557719,0
2719162832,1
41059521006,1
62280557701,0
68179699985,1
62280557701,0
68179700081,1
62280557701,0
2719162959,1
62280557720,0
68179699955,1
62280557720,0
2719162962,1
62280557720,0
62280557721,0
68179700053,1
68179699926,1
68179700082,1
10980916408,1
62280557702,0
62280557703,0
2719162904,0
62280557702,0
62280557703,0
62280557704,0
62280557705,0
62280557704,0
62280557705,0
68179700073,1
62280557683,0
62280557704,0
62280557706,0
62280557705,0
43398299605,0
62280557707,0
62280557706,0
62280557708,0
43398299605,0
62280557706,0
43398299605,0
2719162909,0
2719162835,1
41059520810,1
68179699965,1
68179700072,1
10980916405,1
2719162965,1
2719162965,1
62280557709,0
2719162909,0
62280557709,0
2719162909,0
62280557694,0
62280557695,0
62280557696,0
62280557697,0
62280557698,0
62280557694,0
62280557695,0
62280557696,0
62280557697,0
62280557698,0
62280557710,0
62280557711,0
68179699917,1
10980916413,1
62280557712,0
41059520928,1
62280557713,0
62280557714,0
62280557710,0
41059520769,1
62280557711,0
68179700130,1
41059521006,1
62280557712,0
62280557713,0
62280557714,0
62280557710,0
68179699937,1
62280557711,0
68179699982,1
62280557712,0
62280557713,0
62280557714,0
41059520799,1
62280557715,0
62280557716,0
68179700016,1
62280557717,0
62280557718,0
68179700081,1
68179699982,1
10980916478,1
62280557719,0
2719162770,1
68179700016,1
62280557715,0
41059520943,1
62280557716,0
41059520799,1
62280557717,0
62280557718,0
68179699985,1
62280557719,0
68179700051,1
62280557701,0
62280557701,0
2719162770,1
62280557720,0
62280557720,0
62280557720,0
2719162832,1
41059520853,1
68179699955,1
68179700024,1
62280557721,0
68179699985,1
62280557721,0
2719162968,1
68179700052,1
68179700082,1
68179700053,1
68179700024,1
62280557702,0
62280557703,0
2719162904,0
62280557702,0
62280557703,0
62280557702,0
62280557703,0
62280557704,0
62280557705,0
10980916408,1
62280557683,0
62280557704,0
2719162904,0
62280557705,0
62280557683,0
62280557704,0
62280557706,0
62280557705,0
43398299605,0
62280557707,0
62280557708,0
62280557706,0
43398299605,0
62280557706,0
2719162954,1
2719162835,1
68179699928,1
2719162954,1
10980916395,1
2719162963,1
2719162965,1
43398299605,0
2719162909,0
2719162965,1
62280557709,0
10980916477,1
62280557709,0
62280557694,0
62280557695,0
62280557696,0
62280557697,0
62280557698,0
62280557694,0
62280557695,0
62280557696,0
62280557697,0
68179700013,1
62280557698,0
62280557694,0
62280557695,0
62280557696,0
62280557697,0
62280557698,0
68179699917,1
10980916478,1
62280557710,0
62280557711,0
62280557712,0
68179699937,1
62280557713,0
62280557714,0
41059520831,1
68179700130,1
62280557710,0
62280557711,0
62280557712,0
68179699982,1
62280557713,0
68179700111,1
62280557714,0
41059520865,1
68179700062,1
62280557710,0
62280557711,0
2719162850,1
41059521006,1
62280557712,0
68179699937,1
62280557713,0
41059520799,1
62280557714,0
62280557715,0
62280557716,0
2719162850,1
62280557717,0
68179700016,1
62280557718,0
62280557719,0
62280557701,0
68179700081,1
62280557701,0
68179700082,1
62280557701,0
2719162959,1
2719162949,1
2719162832,1
2719162835,1
62280557720,0
62280557720,0
62280557720,0
62280557721,0
68179700081,1
68179700052,1
2719162837,1
68179699952,1
68179699928,1
68179699985,1
68179699986,1
68179700024,1
62280557702,0
2719162904,0
68179700006,1
68179699928,1
62280557703,0
62280557702,0
62280557703,0
62280557702,0
62280557703,0
62280557704,0
62280557705,0
41059520872,1
62280557683,0
2719162983,1
62280557704,0
2719162904,0
62280557705,0
62280557683,0
62280557704,0
62280557706,0
62280557705,0
43398299605,0
62280557706,0
62280557707,0
62280557708,0
43398299605,0
62280557706,0
2719162963,1
68179699928,1
2719162954,1
68179699955,1
2719162837,1
43398299605,0
2719162909,0
68179700072,1
68179700053,1
62280557709,0
2719162909,0
62280557709,0
62280557694,0
62280557695,0
62280557696,0
62280557697,0
62280557698,0
62280557694,0
62280557695,0
62280557696,0
62280557697,0
62280557698,0
62280557694,0
62280557695,0
62280557696,0
10980916477,1
62280557697,0
62280557698,0
62280557710,0
41059520799,1
62280557711,0
62280557712,0
62280557713,0
68179700130,1
68179700013,1
62280557714,0
62280557710,0
41059521006,1
62280557711,0
68179699937,1
62280557712,0
68179700129,1
62280557713,0
68179700111,1
68179700062,1
62280557714,0
2719162850,1
62280557710,0
62280557711,0
62280557712,0
68179700159,1
62280557713,0
62280557714,0
62280557715,0
62280557716,0
68179700111,1
2719162832,1
10980916414,1
62280557717,0
62280557718,0
68179700081,1
62280557719,0
41059520799,1
62280557701,0
68179700082,1
62280557701,0
41059520847,1
62280557701,0
68179699955,1
2719162960,1
62280557720,0
62280557720,0
62280557720,0
2719162836,1
62280557721,0
68179699985,1
2719162837,1
68179700082,1
68179699984,1
68179700024,1
68179700081,1
68179699954,1
10980916399,0
10980916399,0
10980916399,0
10980916399,0
10980916399,0
68179700111,1
41059520847,1
41059520847,1
41059520911,1
41059520911,1
62280557707,0
62280557707,0
62280557708,0
62280557708,0
62280557707,0
62280557707,0
62280557708,0
62280557708,0
62280557707,0
62280557707,0
62280557708,0
62280557708,0
62280557707,0
62280557707,0
62280557708,0
62280557708,0
10980916395,1
10980916427,1
62280557722,0
2719162956,1
62280557722,0
2719162909,0
62280557722,0
62280557722,0
2719162955,1
62280557723,0
68179700139,1
62280557709,0
2719162909,0
62280557709,0
68179699915,1
10980916427,1
10980916477,1
2719162909,0
62280557709,0
62280557723,0
10980916410,1
62280557723,0
62280557724,0
62280557723,0
62280557709,0
68179699965,1
68179700013,1
62280557724,0
62280557722,0
62280557723,0
62280557725,0
62280557724,0
62280557725,0
62280557724,0
62280557725,0
62280557724,0
62280557725,0
62280557724,0
62280557725,0
62280557724,0
62280557722,0
62280557723,0
68179700157,1
62280557722,0
68179700157,1
62280557723,0
62280557722,0
68179700122,1
62280557725,0
62280557724,0
68179699965,1
62280557725,0
62280557724,0
62280557725,0
62280557724,0
62280557723,0
68179699995,1
62280557722,0
62280557723,0
10980916410,1
62280557725,0
62280557722,0
10980916410,1
62280557723,0
68179699965,1
62280557722,0
62280557723,0
62280557722,0
62280557723,0
62280557726,0
62280557726,0
10980916410,1
62280557724,0
10980916477,1
62280557726,0
62280557726,0
62280557727,0
62280557725,0
68179699995,1
62280557724,0
2719162940,1
62280557725,0
41059520763,1
2719162913,0
62280557725,0
2719162913,0
62280557727,0
62280557727,0
2719162908,1
62280557727,0
41059520799,1
62280557726,0
62280557727,0
62280557726,0
62280557727,0
62280557728,0
2719162913,0
62280557728,0
2719162913,0
62280557728,0
62280557726,0
2719162913,0
41059520865,1
62280557728,0
41059520799,1
2719162913,0
62280557728,0
2719162913,0
68179700062,1
62280557728,0
2719162913,0
41059520799,1
62280557728,0
2719162913,0
62280557728,0
2719162913,0
62280557728,0
41059520865,1
2719162913,0
41059520960,1
62280557728,0
2719162913,0
41059520897,1
62280557727,0
62280557728,0
62280557715,0
62280557716,0
62280557717,0
62280557718,0
62280557719,0
68179700129,1
68179699937,1
41059520737,1
41059520737,1
68179699955,1
2719162964,1
41059520864,1
62280557715,0
62280557716,0
62280557717,0
62280557718,0
62280557719,0
62280557715,0
62280557716,0
62280557717,0
62280557718,0
62280557719,0
62280557715,0
2719162964,1
62280557716,0
62280557717,0
62280557718,0
62280557719,0
62280557715,0
62280557716,0
2719162963,1
2719162964,1
2719162995,1
2719162965,1
2719162964,1
62280557717,0
10980916407,1
41059520821,1
62280557718,0
62280557719,0
62280557715,0
62280557716,0
62280557717,0
62280557718,0
62280557719,0
62280557715,0
62280557716,0
62280557717,0
62280557718,0
62280557719,0
62280557715,0
62280557716,0
62280557717,0
62280557718,0
2719162835,1
2719162835,1
62280557719,0
62280557729,0
2719162836,1
62280557730,0
62280557731,0
2719162995,1
62280557732,0
41059520821,1
62280557733,0
62280557729,0
41059520788,1
62280557730,0
62280557731,0
62280557732,0
2719162965,1
62280557733,0
10980916439,1
62280557729,0
62280557730,0
62280557731,0
62280557732,0
62280557733,0
10980916407,1
2719162785,1
62280557729,0
62280557730,0
68179700131,1
62280557731,0
68179700131,1
62280557732,0
41059520932,1
68179699907,1
41059520932,1
41059520837,1
41059520932,1
62280557733,0
62280557729,0
41059520901,1
62280557730,0
62280557731,0
62280557732,0
62280557733,0
62280557729,0
62280557730,0
68179700129,1
62280557731,0
62280557732,0
62280557733,0
62280557729,0
68179700130,1
2719162850,1
68179700130,1
62280557730,0
68179699907,1
62280557731,0
41059520867,1
62280557732,0
62280557733,0
41059520932,1
62280557729,0
41059520900,1
62280557730,0
68179700131,1
62280557731,0
62280557732,0
62280557733,0
41059520804,1
62280557729,0
62280557730,0
62280557731,0
68179699937,1
10980916385,1
2719162949,1
62280557732,0
68179700034,1
62280557733,0
68179700034,1
62280557729,0
62280557730,0
68179699907,1
62280557731,0
62280557732,0
10980916386,1
62280557733,0
41059520900,1
62280557729,0
41059520932,1
62280557730,0
68179699907,1
62280557731,0
62280557732,0
62280557733,0
10980916418,1
62280557729,0
68179700129,1
62280557730,0
62280557731,0
41059520804,1
62280557732,0
68179700099,1
62280557733,0
62280557734,0
62280557735,0
62280557736,0
41059520804,1
62280557737,0
68179700034,1
62280557738,0
10980916386,1
62280557734,0
62280557735,0
68179699907,1
62280557736,0
68179700099,1
62280557737,0
68179700129,1
62280557738,0
62280557734,0
62280557735,0
41059520871,1
62280557736,0
10980916420,1
62280557737,0
68179700100,1
62280557738,0
62280557734,0
62280557735,0
62280557736,0
68179700102,1
62280557737,0
2719162825,1
62280557738,0
68179700102,1
62280557734,0
2719162983,1
62280557735,0
41059520842,1
62280557736,0
10980916457,1
62280557737,0
62280557738,0
62280557734,0
10980916457,1
62280557735,0
41059520810,1
62280557736,0
62280557737,0
62280557738,0
62280557734,0
62280557735,0
62280557736,0
2719162983,1
68179700072,1
62280557737,0
62280557738,0
10980916457,1
62280557734,0
62280557735,0
62280557736,0
41059520842,1
62280557737,0
62280557738,0
62280557721,0
68179700006,1
62280557721,0
2719162954,1
62280557721,0
41059520842,1
62280557721,0
62280557721,0
62280557721,0
2719162983,1
62280557721,0
62280557721,0
62280557739,0
62280557739,0
62280557739,0
62280557739,0
62280557739,0
10980916361,1
62280557739,0
62280557739,0
62280557739,0
10980916457,1
62280557739,0
41059520874,1
62280557739,0
41059520842,1
62280557739,0
62280557739,0
62280557740,0
68179700006,1
62280557740,0
2719162795,1
62280557740,0
68179700139,1
62280557740,0
68179700139,1
62280557740,0
68179699915,1
62280557740,0
62280557740,0
62280557740,0
68179699915,1
10980916395,1
2719162956,1
68179699915,1
68179700139,1
62280557708,0
62280557707,0
2719162909,0
68179699965,1
62280557709,0
62280557707,0
62280557708,0
62280557722,0
62280557723,0
62280557722,0
62280557724,0
62280557723,0
62280557722,0
62280557723,0
68179699917,1
68179700139,1
68179700122,1
62280557725,0
62280557726,0
62280557724,0
62280557727,0
62280557725,0
62280557726,0
62280557724,0
62280557727,0
62280557725,0
2719162913,0
41059520763,1
62280557728,0
2719162913,0
2719162908,1
41059520897,1
62280557728,0
10980916477,1
2719162913,0
68179699965,1
10980916478,1
41059520799,1
41059520992,1
68179699937,1
62280557728,0
62280557715,0
62280557716,0
62280557717,0
62280557718,0
62280557719,0
62280557715,0
62280557716,0
62280557717,0
62280557718,0
62280557719,0
62280557729,0
62280557730,0
62280557731,0
62280557732,0
62280557733,0
62280557729,0
62280557730,0
68179700148,1
62280557731,0
68179700034,1
62280557732,0
68179700053,1
2719162963,1
62280557733,0
68179699907,1
62280557729,0
62280557730,0
62280557731,0
41059520932,1
62280557732,0
62280557733,0
41059520821,1
62280557734,0
62280557735,0
62280557736,0
62280557737,0
41059520726,1
62280557738,0
62280557734,0
10980916419,1
41059520737,1
62280557735,0
62280557736,0
62280557737,0
68179699907,1
41059520871,1
41059520727,1
62280557738,0
41059520900,1
62280557721,0
41059520900,1
62280557721,0
41059520872,1
62280557739,0
62280557739,0
62280557739,0
62280557740,0
62280557740,0
68179699915,1
68179700034,1
41059520778,1
68179699915,1
68179699915,1
41059520778,1
62280557708,0
62280557707,0
62280557707,0
62280557708,0
2719162955,1
62280557709,0
62280557724,0
62280557725,0
62280557724,0
62280557722,0
62280557723,0
62280557722,0
62280557723,0
62280557722,0
62280557723,0
62280557726,0
62280557727,0
10980916410,1
68179700157,1
62280557725,0
62280557726,0
62280557724,0
62280557727,0
62280557725,0
2719162913,0
62280557728,0
2719162913,0
62280557728,0
2719162913,0
41059520799,1
68179700129,1
10980916413,1
62280557728,0
62280557715,0
62280557716,0
62280557717,0
62280557718,0
62280557719,0
62280557715,0
62280557716,0
62280557717,0
62280557718,0
62280557719,0
41059520897,1
62280557729,0
68179700129,1
62280557730,0
62280557731,0
62280557732,0
41059520960,1
68179699955,1
62280557733,0
41059520865,1
62280557729,0
62280557730,0
10980916468,1
62280557731,0
68179700034,1
62280557732,0
10980916405,1
2719162835,1
62280557733,0
62280557729,0
68179699926,1
62280557730,0
10980916468,1
62280557731,0
41059520897,1
62280557732,0
10980916407,1
62280557733,0
2719162949,1
62280557734,0
62280557735,0
62280557736,0
62280557737,0
41059520726,1
62280557738,0
62280557734,0
68179700099,1
62280557735,0
2719162967,1
41059520737,1
62280557736,0
2719162884,1
62280557737,0
62280557738,0
10980916386,1
62280557721,0
2719162949,1
62280557721,0
68179699907,1
62280557739,0
62280557739,0
62280557739,0
2719162980,1
62280557740,0
41059520872,1
62280557740,0
68179700139,1
2719162983,1
68179699915,1
68179700101,1
68179700041,1
2719162955,1
41059520778,1
41059520778,1
2719162956,1
68179700073,1
62280557707,0
62280557708,0
2719162909,0
62280557707,0
62280557708,0
62280557722,0
62280557723,0
41059520779,1
2719162955,1
10980916410,1
62280557709,0
62280557724,0
62280557725,0
62280557724,0
62280557725,0
62280557722,0
62280557723,0
62280557722,0
62280557723,0
62280557726,0
62280557727,0
62280557724,0
10980916429,1
68179700122,1
68179699965,1
2719162908,1
62280557725,0
41059520799,1
2719162913,0
10980916413,1
62280557728,0
2719162913,0
62280557728,0
2719162913,0
62280557715,0
62280557716,0
62280557717,0
62280557718,0
62280557719,0
62280557715,0
62280557716,0
62280557717,0
62280557718,0
62280557719,0
62280557729,0
62280557730,0
68179700129,1
62280557731,0
62280557732,0
62280557733,0
41059520864,1
2719162995,1
62280557729,0
62280557730,0
68179700034,1
62280557731,0
62280557732,0
2719162787,1
62280557733,0
2719162965,1
41059520755,1
62280557729,0
2719162980,1
62280557730,0
62280557731,0
10980916468,1
62280557732,0
41059520901,1
41059520769,1
62280557733,0
10980916407,1
62280557734,0
62280557735,0
62280557736,0
68179700034,1
62280557737,0
62280557738,0
62280557734,0
68179700099,1
62280557735,0
2719162967,1
62280557736,0
2719162980,1
62280557737,0
68179700034,1
62280557738,0
62280557721,0
62280557721,0
10980916419,1
62280557739,0
2719162983,1
62280557739,0
62280557739,0
10980916420,1
62280557740,0
68179700072,1
62280557740,0
41059520935,1
68179699915,1
41059520778,1
10980916361,1
68179699915,1
41059520810,1
10980916457,1
2719162956,1
62280557707,0
62280557708,0
2719162909,0
62280557707,0
62280557708,0
62280557722,0
62280557723,0
62280557722,0
62280557723,0
10980916413,1
2719162955,1
10980916410,1
2719162956,1
62280557709,0
68179699995,1
62280557724,0
62280557725,0
62280557724,0
62280557725,0
62280557724,0
62280557725,0
2719162913,0
62280557722,0
62280557723,0
62280557726,0
62280557727,0
62280557726,0
62280557727,0
68179700013,1
2719162908,1
10980916477,1
2719162785,1
41059520763,1
62280557728,0
2719162913,0
62280557728,0
62280557728,0
62280557715,0
62280557716,0
62280557717,0
62280557718,0
62280557719,0
62280557715,0
62280557716,0
62280557717,0
62280557718,0
62280557719,0
62280557729,0
62280557730,0
68179699937,1
41059520864,1
62280557731,0
62280557732,0
62280557733,0
41059520865,1
62280557729,0
41059520787,1
41059520864,1
62280557730,0
2719162787,1
62280557731,0
68179700052,1
62280557732,0
62280557733,0
62280557729,0
62280557730,0
68179700101,1
41059520865,1
62280557731,0
68179699926,1
41059520755,1
62280557732,0
62280557733,0
2719162850,1
62280557734,0
41059520727,1
62280557735,0
10980916372,1
62280557736,0
10980916419,1
62280557737,0
62280557738,0
41059520737,1
62280557734,0
62280557735,0
2719162966,1
62280557736,0
2719162978,1
62280557737,0
62280557738,0
10980916407,1
62280557721,0
10980916419,1
62280557721,0
62280557739,0
62280557739,0
62280557739,0
68179700072,1
2719162983,1
2719162955,1
62280557740,0
62280557740,0
10980916388,1
10980916457,1
68179700072,1
2719162955,1
41059520935,1
41059520876,1
62280557708,0
62280557707,0
2719162909,0
62280557707,0
62280557708,0
62280557722,0
62280557723,0
62280557722,0
62280557723,0
68179699965,1
62280557709,0
62280557722,0
62280557724,0
62280557723,0
62280557725,0
62280557726,0
62280557724,0
62280557727,0
62280557725,0
62280557724,0
62280557725,0
2719162913,0
68179699965,1
68179699965,1
41059520766,1
41059520795,1
62280557728,0
2719162913,0
62280557728,0
62280557726,0
62280557727,0
2719162913,0
41059520928,1
10980916478,1
41059520737,1
62280557728,0
41059520928,1
62280557715,0
62280557716,0
62280557717,0
62280557718,0
62280557719,0
62280557715,0
62280557716,0
62280557717,0
62280557718,0
62280557719,0
62280557729,0
62280557730,0
62280557731,0
62280557732,0
62280557733,0
41059520787,1
62280557729,0
41059520865,1
62280557730,0
68179700052,1
62280557731,0
2719162836,1
62280557732,0
68179700034,1
62280557733,0
62280557729,0
62280557730,0
68179700099,1
62280557731,0
62280557732,0
62280557733,0
2719162884,1
62280557734,0
2719162967,1
62280557735,0
10980916439,1
62280557736,0
41059520837,1
62280557737,0
62280557738,0
62280557734,0
68179700129,1
62280557735,0
62280557736,0
68179700131,1
62280557737,0
68179700034,1
62280557738,0
2719162884,1
68179700070,1
62280557721,0
62280557721,0
62280557739,0
41059520935,1
62280557739,0
2719162884,1
62280557739,0
62280557740,0
62280557740,0
2719162955,1
2719162983,1
10980916457,1
2719162955,1
68179700072,1
2719162954,1
2719162954,1
62280557708,0
62280557707,0
62280557707,0
62280557708,0
62280557722,0
62280557723,0
62280557722,0
62280557723,0
2719162956,1
68179700122,1
62280557709,0
62280557722,0
62280557724,0
62280557723,0
62280557725,0
62280557726,0
62280557724,0
62280557727,0
62280557725,0
62280557726,0
62280557724,0
62280557727,0
62280557725,0
2719162913,0
68179699917,1
2719162813,1
10980916477,1
41059520799,1
62280557728,0
2719162913,0
62280557728,0
2719162913,0
62280557728,0
62280557715,0
62280557716,0
62280557717,0
62280557718,0
62280557719,0
62280557715,0
62280557716,0
62280557717,0
62280557718,0
62280557719,0
62280557729,0
68179700129,1
62280557730,0
62280557731,0
62280557732,0
41059520851,1
41059520960,1
62280557733,0
10980916468,1
62280557729,0
62280557730,0
68179700129,1
62280557731,0
2719162837,1
62280557732,0
68179700034,1
62280557733,0
62280557729,0
68179700099,1
62280557730,0
62280557731,0
68179700052,1
62280557732,0
68179700100,1
41059520865,1
62280557733,0
2719162965,1
62280557734,0
62280557735,0
62280557736,0
2719162850,1
62280557737,0
62280557738,0
62280557734,0
68179700131,1
62280557735,0
62280557736,0
62280557737,0
68179700100,1
62280557738,0
62280557721,0
68179700102,1
62280557721,0
68179699907,1
62280557739,0
41059520935,1
62280557739,0
2719162980,1
62280557739,0
62280557740,0
41059520872,1
62280557740,0
2719162983,1
2719162825,1
68179700072,1
2719162954,1
10980916457,1
62280557707,0
62280557708,0
2719162909,0
62280557707,0
62280557708,0
62280557722,0
62280557723,0
62280557722,0
62280557723,0
62280557709,0
68179699995,1
62280557722,0
62280557724,0
62280557723,0
62280557725,0
62280557726,0
62280557724,0
62280557727,0
62280557725,0
62280557724,0
62280557725,0
2719162913,0
68179699917,1
2719162940,1
68179699965,1
10980916413,1
62280557728,0
2719162913,0
62280557728,0
2719162913,0
62280557715,0
62280557716,0
62280557717,0
62280557718,0
62280557719,0
62280557715,0
62280557716,0
62280557717,0
62280557718,0
62280557719,0
62280557729,0
62280557730,0
68179699937,1
41059520737,1
62280557731,0
62280557732,0
62280557733,0
41059520864,1
62280557729,0
68179700052,1
62280557730,0
62280557731,0
62280557732,0
2719162965,1
62280557733,0
62280557729,0
68179699926,1
41059520787,1
62280557730,0
62280557731,0
62280557732,0
2719162836,1
62280557733,0
41059520837,1
62280557734,0
62280557735,0
41059520725,1
62280557736,0
2719162850,1
62280557737,0
62280557738,0
2719162966,1
62280557734,0
62280557735,0
10980916407,1
62280557736,0
2719162978,1
62280557737,0
2719162980,1
62280557738,0
62280557721,0
62280557721,0
62280557739,0
62280557739,0
2719162884,1
62280557739,0
62280557740,0
62280557740,0
68179700101,1
2719162955,1
41059520967,1
10980916361,1
10980916457,1
68179700072,1
2719162954,1
41059520810,1
62280557707,0
62280557708,0
2719162909,0
62280557707,0
62280557708,0
62280557722,0
62280557723,0
62280557722,0
62280557723,0
41059520811,1
10980916410,1
68179699995,1
62280557709,0
62280557722,0
62280557724,0
62280557723,0
62280557725,0
62280557726,0
62280557724,0
62280557727,0
62280557725,0
62280557726,0
62280557727,0
62280557724,0
62280557725,0
2719162913,0
68179700013,1
2719162908,1
68179699965,1
10980916477,1
41059520831,1
62280557728,0
2719162913,0
62280557728,0
62280557728,0
62280557715,0
62280557716,0
62280557717,0
62280557718,0
62280557719,0
62280557715,0
62280557716,0
62280557717,0
62280557718,0
62280557719,0
62280557729,0
62280557730,0
62280557731,0
62280557732,0
62280557733,0
62280557729,0
2719162850,1
2719162963,1
62280557730,0
62280557731,0
68179700148,1
62280557732,0
62280557733,0
41059520804,1
62280557729,0
62280557730,0
68179700101,1
68179700129,1
62280557731,0
68179699926,1
2719162835,1
62280557732,0
62280557733,0
2719162850,1
62280557734,0
62280557735,0
2719162836,1
62280557736,0
62280557737,0
62280557738,0
41059520821,1
62280557734,0
2719162980,1
62280557735,0
62280557736,0
2719162978,1
62280557737,0
62280557738,0
62280557721,0
68179700102,1
68179700099,1
62280557721,0
62280557739,0
62280557739,0
62280557739,0
68179700100,1
68179700006,1
62280557740,0
68179700041,1
62280557740,0
41059520779,1
41059520875,1
10980916457,1
2719162954,1
41059520876,1
41059520842,1
41059520876,1
62280557708,0
62280557707,0
2719162909,0
62280557707,0
62280557708,0
10980916413,1
2719162955,1
62280557709,0
62280557724,0
62280557725,0
62280557722,0
62280557723,0
62280557722,0
62280557723,0
62280557722,0
62280557724,0
62280557723,0
62280557726,0
62280557727,0
68179700013,1
68179699965,1
68179699995,1
2719162843,1
62280557725,0
62280557726,0
62280557724,0
62280557727,0
62280557725,0
41059520794,1
2719162913,0
41059520927,1
2719162843,1
10980916477,1
10980916478,1
62280557728,0
2719162913,0
62280557728,0
2719162913,0
62280557728,0
62280557715,0
62280557716,0
62280557717,0
62280557718,0
62280557719,0
62280557715,0
62280557716,0
62280557717,0
62280557718,0
62280557719,0
41059520865,1
62280557729,0
62280557730,0
62280557731,0
62280557732,0
41059520864,1
2719162835,1
62280557733,0
62280557729,0
62280557730,0
68179700148,1
62280557731,0
2719162850,1
62280557732,0
68179700053,1
62280557733,0
68179700099,1
62280557729,0
62280557730,0
62280557731,0
68179699937,1
62280557732,0
10980916439,1
62280557733,0
41059520853,1
62280557734,0
41059520837,1
62280557735,0
68179700130,1
62280557736,0
62280557737,0
2719162966,1
62280557738,0
62280557734,0
62280557735,0
62280557736,0
62280557737,0
62280557738,0
2719162978,1
62280557721,0
68179700102,1
62280557721,0
68179700131,1
62280557739,0
41059520935,1
62280557739,0
62280557739,0
68179700100,1
62280557740,0
62280557740,0
2719162983,1
41059520811,1
2719162794,1
62280557708,0
62280557707,0
62280557707,0
62280557708,0
62280557722,0
62280557723,0
2719162955,1
62280557709,0
62280557724,0
62280557725,0
62280557724,0
62280557725,0
62280557722,0
62280557723,0
62280557722,0
62280557723,0
62280557724,0
62280557726,0
62280557727,0
62280557726,0
62280557727,0
68179699965,1
41059520798,1
62280557725,0
41059520927,1
2719162913,0
41059520831,1
62280557728,0
2719162913,0
62280557728,0
2719162913,0
62280557728,0
62280557715,0
62280557716,0
62280557717,0
62280557718,0
62280557719,0
62280557715,0
62280557716,0
62280557717,0
62280557718,0
62280557719,0
41059520897,1
62280557729,0
41059520769,1
41059520864,1
62280557730,0
62280557731,0
62280557732,0
62280557733,0
62280557729,0
62280557730,0
68179700148,1
62280557731,0
68179700130,1
62280557732,0
10980916405,1
2719162963,1
62280557733,0
68179700099,1
62280557729,0
62280557730,0
62280557731,0
41059520900,1
62280557732,0
62280557733,0
62280557734,0
62280557735,0
62280557736,0
62280557737,0
2719162966,1
62280557738,0
62280557734,0
68179700131,1
62280557735,0
68179700129,1
62280557736,0
2719162980,1
62280557737,0
62280557738,0
68179700130,1
62280557721,0
68179700101,1
62280557721,0
68179700131,1
62280557739,0
62280557739,0
62280557739,0
2719162980,1
62280557740,0
10980916456,1
62280557740,0
2719162983,1
41059520811,1
10980916457,1
10980916457,1
41059520778,1
62280557707,0
62280557708,0
2719162909,0
62280557722,0
62280557723,0
62280557722,0
62280557723,0
62280557722,0
62280557723,0
41059520811,1
62280557709,0
68179699995,1
62280557724,0
62280557725,0
62280557724,0
62280557725,0
62280557724,0
62280557725,0
62280557722,0
62280557723,0
62280557726,0
62280557727,0
2719162913,0
68179699965,1
68179700062,1
41059520927,1
62280557728,0
2719162913,0
62280557728,0
2719162913,0
62280557715,0
62280557716,0
62280557717,0
62280557718,0
62280557719,0
62280557729,0
62280557730,0
62280557731,0
62280557732,0
62280557733,0
62280557729,0
62280557730,0
41059520865,1
41059520769,1
62280557731,0
62280557732,0
62280557733,0
68179699936,1
62280557729,0
2719162836,1
62280557730,0
41059520865,1
62280557731,0
2719162850,1
62280557732,0
2719162965,1
62280557733,0
68179700034,1
41059520803,1
62280557729,0
62280557730,0
2719162966,1
62280557731,0
68179700131,1
62280557732,0
2719162980,1
62280557733,0
62280557734,0
62280557735,0
68179700129,1
41059520837,1
62280557736,0
62280557737,0
62280557738,0
2719162850,1
62280557734,0
62280557735,0
62280557736,0
68179700131,1
62280557737,0
2719162850,1
62280557738,0
62280557721,0
10980916419,1
62280557739,0
62280557739,0
62280557739,0
62280557739,0
62280557740,0
62280557740,0
41059520779,1
10980916389,1
41059520779,1
41059520935,1
41059520875,1
2719162955,1
68179700072,1
68179700042,1
10980916361,1
2719162954,1
62280557707,0
62280557708,0
2719162909,0
62280557707,0
62280557708,0
62280557722,0
62280557723,0
62280557722,0
62280557723,0
2719162955,1
10980916427,1
10980916410,1
62280557709,0
68179699995,1
62280557722,0
62280557724,0
62280557723,0
62280557725,0
62280557724,0
62280557725,0
62280557724,0
62280557725,0
2719162913,0
68179700013,1
41059520897,1
10980916413,1
41059520762,1
62280557728,0
2719162913,0
62280557726,0
62280557727,0
62280557727,0
62280557726,0
10980916478,1
2719162847,1
41059520831,1
62280557728,0
2719162913,0
62280557728,0
62280557715,0
62280557716,0
62280557717,0
62280557718,0
62280557719,0
62280557715,0
62280557716,0
62280557717,0
62280557718,0
62280557719,0
62280557729,0
62280557730,0
62280557731,0
41059520769,1
62280557732,0
62280557733,0
62280557729,0
68179700148,1
62280557730,0
2719162963,1
62280557731,0
2719162966,1
62280557732,0
62280557733,0
62280557729,0
2719162999,1
62280557730,0
2719162965,1
62280557731,0
68179700129,1
41059520770,1
62280557732,0
62280557733,0
62280557734,0
62280557735,0
62280557736,0
62280557737,0
68179700099,1
62280557738,0
41059520900,1
62280557734,0
62280557735,0
62280557736,0
41059520964,1
41059520965,1
62280557737,0
2719162978,1
62280557738,0
62280557721,0
68179700102,1
62280557721,0
10980916387,1
62280557739,0
62280557739,0
62280557739,0
68179700100,1
68179700006,1
68179700025,1
62280557740,0
62280557740,0
41059520872,1
2719162794,1
10980916457,1
41059520842,1
62280557708,0
62280557707,0
2719162909,0
62280557707,0
62280557708,0
62280557722,0
62280557723,0
62280557722,0
62280557723,0
41059520908,1
2719162955,1
41059520795,1
62280557709,0
68179699995,1
62280557722,0
62280557724,0
62280557723,0
62280557725,0
62280557726,0
62280557724,0
62280557727,0
62280557725,0
62280557726,0
62280557724,0
62280557727,0
62280557725,0
2719162913,0
10980916477,1
10980916477,1
68179700062,1
10980916478,1
68179700159,1
41059520795,1
62280557728,0
2719162913,0
62280557728,0
2719162913,0
62280557728,0
62280557715,0
62280557716,0
62280557717,0
62280557718,0
62280557719,0
62280557715,0
62280557716,0
62280557717,0
62280557718,0
62280557719,0
62280557729,0
68179700129,1
41059520737,1
62280557730,0
62280557731,0
62280557732,0
2719162835,1
62280557733,0
62280557729,0
62280557730,0
62280557731,0
10980916405,1
62280557732,0
62280557733,0
41059520851,1
62280557729,0
68179700131,1
62280557730,0
62280557731,0
41059520756,1
62280557732,0
41059520900,1
62280557733,0
41059520853,1
62280557734,0
62280557735,0
41059520837,1
62280557736,0
68179700130,1
62280557737,0
2719162966,1
62280557738,0
62280557734,0
68179700099,1
62280557735,0
41059520727,1
62280557736,0
2719162978,1
62280557737,0
41059520804,1
62280557738,0
62280557721,0
41059520838,1
62280557721,0
68179699907,1
62280557739,0
41059520871,1
62280557739,0
2719162980,1
62280557739,0
68179700102,1
62280557740,0
62280557740,0
41059520811,1
2719162983,1
10980916457,1
68179700072,1
2719162794,1
62280557708,0
62280557707,0
62280557707,0
62280557708,0
62280557722,0
62280557723,0
62280557722,0
62280557723,0
41059520908,1
2719162955,1
10980916410,1
41059520795,1
62280557709,0
68179699995,1
62280557722,0
62280557724,0
62280557723,0
62280557725,0
62280557726,0
62280557724,0
62280557727,0
62280557725,0
62280557726,0
62280557724,0
62280557727,0
62280557725,0
2719162913,0
10980916477,1
2719162814,1
10980916478,1
10980916410,1
41059520795,1
62280557728,0
2719162913,0
62280557728,0
2719162913,0
62280557728,0
62280557715,0
62280557716,0
62280557717,0
62280557718,0
62280557719,0
62280557715,0
62280557716,0
62280557717,0
62280557718,0
62280557719,0
62280557729,0
41059520928,1
68179700129,1
62280557730,0
62280557731,0
62280557732,0
41059520960,1
62280557733,0
68179700148,1
62280557729,0
62280557730,0
62280557731,0
68179700053,1
62280557732,0
68179700034,1
62280557733,0
2719162835,1
62280557729,0
68179700131,1
62280557730,0
2719162967,1
62280557731,0
2719162836,1
62280557732,0
41059520900,1
41059520897,1
62280557733,0
2719162965,1
62280557734,0
62280557735,0
2719162949,1
62280557736,0
2719162850,1
62280557737,0
2719162966,1
62280557738,0
62280557734,0
68179700129,1
68179699907,1
62280557735,0
41059520727,1
62280557736,0
68179700034,1
62280557737,0
41059520804,1
62280557738,0
62280557721,0
62280557721,0
68179700101,1
62280557739,0
41059520871,1
62280557739,0
41059520804,1
62280557739,0
62280557740,0
62280557740,0
68179700041,1
41059520811,1
2719162794,1
10980916457,1
2719162954,1
62280557707,0
62280557708,0
62280557724,0
62280557722,0
62280557723,0
62280557722,0
62280557723,0
62280557722,0
62280557723,0
2719162955,1
10980916410,1
41059520908,1
68179700122,1
41059520795,1
62280557725,0
2719162843,1
62280557726,0
62280557724,0
62280557727,0
62280557725,0
62280557726,0
62280557724,0
62280557727,0
62280557725,0
62280557724,0
62280557725,0
2719162913,0
10980916477,1
2719162908,1
10980916478,1
41059520799,1
62280557728,0
2719162913,0
10980916413,1
41059520928,1
68179700129,1
62280557728,0
2719162913,0
62280557715,0
62280557716,0
62280557717,0
62280557718,0
62280557719,0
62280557729,0
62280557730,0
62280557731,0
62280557732,0
62280557733,0
62280557729,0
62280557730,0
62280557731,0
62280557732,0
62280557733,0
2719162785,1
62280557729,0
62280557730,0
68179700148,1
62280557731,0
62280557732,0
41059520725,1
62280557733,0
2719162787,1
62280557734,0
68179699926,1
62280557735,0
41059520900,1
62280557736,0
2719162850,1
62280557737,0
41059520737,1
62280557738,0
41059520803,1
62280557734,0
62280557735,0
62280557736,0
68179700034,1
62280557737,0
62280557738,0
41059520804,1
62280557734,0
68179700006,1
62280557735,0
2719162949,1
62280557736,0
41059520804,1
62280557737,0
62280557738,0
68179700006,1
62280557721,0
62280557739,0
62280557739,0
2719162983,1
62280557739,0
62280557740,0
2719162825,1
68179700102,1
68179700139,1
62280557740,0
68179700072,1
62280557740,0
10980916457,1
68179699915,1
2719162954,1
41059520967,1
68179700073,1
2719162954,1
10980916457,1
68179700140,1
2719162954,1
62280557707,0
62280557708,0
2719162909,0
68179700139,1
62280557709,0
62280557707,0
62280557708,0
62280557722,0
62280557723,0
62280557724,0
62280557722,0
62280557723,0
62280557722,0
62280557723,0
68179700013,1
10980916427,1
10980916410,1
68179699995,1
62280557725,0
62280557726,0
62280557724,0
62280557727,0
62280557725,0
62280557726,0
62280557727,0
62280557724,0
62280557725,0
2719162913,0
10980916478,1
62280557728,0
2719162913,0
2719162847,1
2719162908,1
62280557728,0
68179699965,1
10980916414,1
41059520865,1
2719162847,1
62280557728,0
62280557715,0
62280557716,0
62280557717,0
62280557718,0
62280557719,0
62280557715,0
62280557716,0
62280557717,0
62280557718,0
62280557719,0
62280557729,0
62280557730,0
62280557731,0
62280557732,0
62280557733,0
41059520787,1
2719162835,1
62280557729,0
62280557730,0
10980916468,1
62280557731,0
2719162964,1
62280557732,0
2719162850,1
62280557733,0
41059520725,1
62280557729,0
41059520725,1
62280557730,0
62280557731,0
68179699926,1
62280557732,0
2719162966,1
62280557733,0
41059520900,1
62280557734,0
41059520769,1
62280557735,0
62280557736,0
41059520837,1
62280557737,0
68179700130,1
62280557738,0
62280557734,0
62280557735,0
41059520769,1
62280557736,0
62280557737,0
68179700034,1
62280557738,0
41059520964,1
68179700102,1
62280557721,0
10980916419,1
62280557721,0
62280557739,0
41059520935,1
62280557739,0
2719162884,1
68179700006,1
62280557739,0
62280557740,0
62280557740,0
2719162955,1
68179700073,1
41059520842,1
41059520876,1
62280557708,0
62280557707,0
2719162909,0
62280557707,0
62280557708,0
62280557722,0
41059520876,1
10980916413,1
10980916395,1
68179700122,1
68179700139,1
62280557709,0
62280557724,0
62280557725,0
62280557724,0
62280557723,0
62280557722,0
62280557723,0
62280557722,0
62280557723,0
62280557726,0
62280557727,0
2719162908,1
68179700122,1
62280557725,0
68179699995,1
62280557726,0
62280557724,0
62280557727,0
62280557725,0
2719162913,0
10980916477,1
68179699995,1
62280557728,0
2719162913,0
2719162908,1
62280557728,0
2719162913,0
10980916413,1
41059520865,1
62280557728,0
62280557715,0
62280557716,0
62280557717,0
62280557718,0
62280557719,0
62280557715,0
62280557716,0
62280557717,0
62280557718,0
62280557719,0
62280557729,0
68179700129,1
62280557730,0
62280557731,0
62280557732,0
62280557733,0
62280557729,0
62280557730,0
62280557731,0
62280557732,0
68179700051,1
62280557733,0
68179699907,1
62280557729,0
62280557730,0
41059520756,1
62280557731,0
41059520932,1
62280557732,0
10980916407,1
62280557733,0
41059520949,1
41059520837,1
62280557734,0
62280557735,0
62280557736,0
62280557737,0
62280557738,0
62280557734,0
68179700099,1
62280557735,0
10980916407,1
68179700129,1
62280557736,0
41059520804,1
62280557737,0
62280557738,0
68179700034,1
62280557721,0
62280557721,0
68179699907,1
62280557739,0
41059520935,1
62280557739,0
68179700102,1
62280557739,0
2719162884,1
62280557740,0
62280557740,0
2719162983,1
2719162955,1
10980916427,1
10980916361,1
41059520800,0
41059520800,0
41059520800,0
41059520800,0
41059520864,1
10980916399,0
41059520800,0
41059520864,1
10980916399,0
10980916399,0
10980916399,0
62280557726,0
62280557727,0
10980916399,0
41059520911,1
41059520864,1
41059520911,1
41059520847,1
2719162959,1
62280557726,0
10980916478,1
62280557726,0
62280557726,0
62280557727,0
62280557727,0
62280557727,0
62280557741,0
62280557741,0
62280557742,0
68179700062,1
41059520734,1
62280557742,0
41059520799,1
41059520799,1
62280557743,0
62280557728,0
62280557743,0
68179700062,1
68179699917,1
68179699917,1
62280557744,0
62280557743,0
62280557744,0
62280557743,0
62280557744,0
68179699983,1
68179700111,1
62280557743,0
68179699982,1
2719162959,1
62280557744,0
62280557743,0
62280557744,0
2719162832,1
41059520784,1
62280557741,0
68179700111,1
41059520784,1
62280557741,0
62280557742,0
62280557742,0
62280557741,0
62280557741,0
62280557742,0
62280557742,0
62280557741,0
62280557741,0
62280557742,0
62280557742,0
62280557741,0
2719162960,1
68179699983,1
68179700013,1
68179700013,1
62280557741,0
62280557742,0
62280557742,0
41059520910,1
62280557741,0
68179699982,1
62280557743,0
62280557741,0
62280557742,0
2719162957,1
62280557742,0
68179699917,1
62280557744,0
2719162829,1
68179700013,1
2719162959,1
62280557743,0
41059521070,1
62280557744,0
41059521070,1
62280557743,0
41059521102,1
62280557744,0
68179699982,1
62280557743,0
62280557741,0
62280557742,0
68179700013,1
62280557745,0
62280557744,0
68179699917,1
62280557743,0
41059520846,1
2719162959,1
41059520816,1
2719162959,1
41059520910,1
62280557744,0
62280557743,0
62280557744,0
2719162961,1
10980916429,1
62280557747,0
62280557745,0
62280557745,0
62280557745,0
62280557744,0
41059520816,1
62280557747,0
62280557746,0
62280557746,0
62280557748,0
41059521070,1
68179700111,1
62280557747,0
62280557748,0
62280557747,0
62280557748,0
62280557747,0
68179699955,1
41059520847,1
68179699955,1
2719162769,1
68179699985,1
62280557748,0
2719162964,1
62280557747,0
62280557746,0
62280557746,0
62280557745,0
62280557746,0
62280557745,0
2719162962,1
2719162995,1
68179699955,1
68179700051,1
68179699986,1
68179700082,1
62280557746,0
2719162993,1
62280557745,0
62280557748,0
2719162964,1
62280557747,0
2719162964,1
62280557746,0
62280557745,0
2719162993,1
62280557748,0
62280557747,0
62280557748,0
62280557747,0
62280557746,0
2719162995,1
68179700081,1
41059520787,1
41059520788,1
2719162770,1
62280557745,0
2719162963,1
62280557746,0
2719162832,1
62280557745,0
68179700082,1
62280557746,0
41059520788,1
2719162995,1
68179700081,1
62280557748,0
62280557747,0
62280557748,0
62280557747,0
62280557748,0
62280557747,0
68179699985,1
68179699985,1
68179700082,1
41059520788,1
41059520788,1
68179700082,1
68179699954,1
2719162995,1
2719162963,1
41059520787,1
2719162836,1
2719162834,1
2719162964,1
62280557748,0
2719162917,0
62280557748,0
2719162917,0
43398299604,0
2719162917,0
43398299604,0
62280557734,0
62280557735,0
62280557736,0
62280557737,0
62280557738,0
62280557734,0
62280557735,0
62280557736,0
62280557737,0
41059520788,1
2719162949,1
41059520820,1
62280557738,0
62280557734,0
62280557735,0
62280557736,0
41059520901,1
41059520997,1
10980916361,1
68179700102,1
41059520871,1
41059520820,1
62280557737,0
10980916457,1
68179700102,1
62280557738,0
41059520935,1
41059520842,1
62280557734,0
62280557735,0
62280557736,0
62280557737,0
62280557738,0
62280557749,0
62280557750,0
62280557751,0
62280557752,0
62280557753,0
62280557749,0
62280557750,0
62280557751,0
62280557752,0
41059520778,1
62280557753,0
62280557749,0
62280557750,0
62280557751,0
68179700072,1
62280557752,0
41059520853,1
62280557753,0
62280557749,0
41059520874,1
62280557750,0
2719162966,1
62280557751,0
62280557752,0
62280557753,0
62280557749,0
68179700024,1
62280557750,0
68179699928,1
62280557751,0
2719162837,1
62280557752,0
62280557753,0
62280557749,0
62280557750,0
2719162837,1
62280557751,0
62280557752,0
10980916407,1
62280557753,0
68179699926,1
62280557749,0
2719162967,1
62280557750,0
2719162967,1
68179700024,1
62280557751,0
62280557752,0
62280557753,0
62280557749,0
62280557750,0
62280557751,0
62280557752,0
62280557753,0
62280557749,0
62280557750,0
62280557751,0
2719162837,1
2719162965,1
62280557752,0
68179699928,1
62280557753,0
62280557749,0
2719162966,1
62280557750,0
62280557751,0
62280557752,0
62280557753,0
41059520821,1
62280557749,0
62280557750,0
62280557751,0
2719162966,1
62280557752,0
10980916409,1
62280557753,0
41059520821,1
62280557749,0
62280557750,0
62280557751,0
62280557752,0
2719162966,1
62280557753,0
68179700024,1
62280557749,0
62280557750,0
62280557751,0
62280557752,0
10980916439,1
62280557753,0
68179700024,1
62280557754,0
62280557755,0
62280557756,0
2719162966,1
41059520821,1
41059520794,1
62280557757,0
68179699928,1
62280557758,0
10980916407,1
62280557754,0
62280557755,0
62280557756,0
62280557757,0
62280557758,0
2719162967,1
62280557754,0
62280557755,0
68179700025,1
62280557756,0
62280557757,0
68179700157,1
62280557758,0
41059520853,1
62280557754,0
62280557755,0
62280557756,0
62280557757,0
62280557758,0
68179700122,1
41059520890,1
62280557754,0
2719162908,1
62280557755,0
62280557756,0
62280557757,0
62280557758,0
62280557754,0
62280557755,0
62280557756,0
10980916477,1
62280557757,0
10980916477,1
62280557758,0
62280557754,0
68179700062,1
62280557755,0
62280557756,0
62280557757,0
62280557758,0
62280557754,0
62280557755,0
62280557756,0
2719162908,1
62280557757,0
2719162843,1
62280557758,0
62280557754,0
62280557755,0
62280557756,0
2719162908,1
62280557757,0
62280557758,0
68179700157,1
62280557754,0
62280557755,0
62280557756,0
68179700062,1
2719162843,1
2719162843,1
62280557757,0
10980916477,1
62280557758,0
62280557754,0
62280557755,0
62280557756,0
62280557757,0
62280557758,0
62280557740,0
62280557740,0
62280557740,0
62280557740,0
2719162908,1
62280557759,0
62280557759,0
68179700062,1
62280557759,0
68179699965,1
62280557759,0
41059520890,1
62280557759,0
62280557759,0
62280557759,0
62280557759,0
62280557759,0
62280557759,0
62280557759,0
41059520908,1
62280557759,0
62280557759,0
62280557760,0
62280557760,0
41059520799,1
2719162847,1
41059520799,1
62280557760,0
41059520960,1
62280557760,0
10980916477,1
62280557760,0
41059520799,1
62280557760,0
2719163007,1
62280557760,0
62280557760,0
2719162847,1
62280557760,0
62280557760,0
62280557760,0
41059520831,1
41059520799,1
41059520960,1
41059520960,1
41059520992,1
62280557727,0
62280557726,0
41059520767,1
62280557743,0
62280557741,0
62280557742,0
62280557741,0
62280557742,0
68179700111,1
68179699917,1
10980916478,1
68179699982,1
41059521102,1
62280557744,0
62280557743,0
62280557744,0
62280557743,0
62280557744,0
62280557741,0
62280557742,0
62280557745,0
62280557746,0
62280557745,0
62280557747,0
62280557746,0
62280557745,0
62280557746,0
2719162832,1
41059520943,1
2719162957,1
2719162835,1
2719162961,1
41059521006,1
68179700082,1
62280557748,0
62280557747,0
62280557748,0
2719162960,1
62280557747,0
41059520976,1
68179699986,1
68179700082,1
68179700052,1
68179700081,1
68179699985,1
2719162835,1
62280557748,0
2719162917,0
43398299604,0
62280557734,0
62280557735,0
62280557736,0
62280557737,0
62280557738,0
62280557749,0
62280557750,0
62280557751,0
62280557752,0
62280557753,0
62280557749,0
62280557750,0
62280557751,0
68179700052,1
41059520901,1
68179700006,1
62280557752,0
68179700053,1
62280557753,0
62280557749,0
62280557750,0
62280557751,0
62280557752,0
41059520820,1
62280557753,0
10980916457,1
62280557754,0
62280557755,0
62280557756,0
41059520810,1
62280557757,0
10980916409,1
62280557758,0
62280557754,0
62280557755,0
68179700053,1
62280557756,0
62280557757,0
10980916407,1
10980916408,1
62280557758,0
62280557754,0
62280557755,0
62280557756,0
10980916410,1
62280557757,0
62280557758,0
10980916439,1
62280557740,0
68179699965,1
62280557759,0
62280557759,0
68179699926,1
62280557759,0
62280557760,0
62280557760,0
62280557760,0
41059520927,1
41059520927,1
41059520908,1
41059520959,1
2719162843,1
41059520960,1
2719162908,1
62280557727,0
62280557726,0
62280557741,0
62280557742,0
62280557741,0
62280557742,0
62280557741,0
62280557742,0
68179700013,1
10980916478,1
68179699917,1
41059521006,1
41059521006,1
62280557744,0
41059521006,1
62280557743,0
62280557744,0
62280557743,0
62280557744,0
62280557743,0
62280557744,0
62280557747,0
62280557745,0
62280557746,0
62280557745,0
62280557746,0
62280557745,0
62280557746,0
2719162832,1
2719162959,1
41059520943,1
41059520943,1
68179699955,1
68179699986,1
62280557748,0
2719162960,1
62280557747,0
2719162993,1
68179700052,1
10980916370,1
68179699986,1
62280557748,0
62280557747,0
41059520787,1
62280557748,0
62280557734,0
62280557735,0
62280557736,0
62280557737,0
62280557738,0
62280557749,0
62280557750,0
62280557751,0
62280557752,0
62280557753,0
62280557749,0
62280557750,0
62280557751,0
2719162995,1
62280557752,0
41059520853,1
62280557753,0
68179700052,1
41059520871,1
62280557749,0
62280557750,0
62280557751,0
62280557752,0
68179700072,1
62280557753,0
68179699926,1
62280557754,0
62280557755,0
62280557756,0
62280557757,0
2719162967,1
62280557758,0
41059520874,1
62280557754,0
62280557755,0
68179699928,1
62280557756,0
62280557757,0
62280557758,0
62280557754,0
2719162967,1
62280557755,0
68179699928,1
62280557756,0
62280557757,0
10980916410,1
62280557758,0
62280557740,0
62280557759,0
10980916409,1
62280557759,0
68179699965,1
62280557759,0
2719162843,1
62280557760,0
62280557760,0
68179700062,1
62280557760,0
41059520959,1
41059520799,1
10980916477,1
41059520992,1
41059520864,1
41059520960,1
41059520959,1
10980916478,1
62280557726,0
62280557727,0
62280557743,0
62280557741,0
62280557742,0
62280557741,0
62280557742,0
62280557741,0
62280557742,0
41059520734,1
68179700111,1
68179700013,1
68179699982,1
62280557744,0
41059520910,1
62280557745,0
62280557743,0
62280557746,0
62280557744,0
62280557743,0
62280557744,0
62280557747,0
62280557748,0
62280557747,0
2719162960,1
41059520943,1
41059520787,1
2719162769,1
10980916468,1
41059520784,1
62280557748,0
62280557745,0
62280557746,0
2719162960,1
62280557747,0
68179700148,1
68179700081,1
68179699954,1
62280557748,0
2719162917,0
62280557734,0
62280557735,0
62280557736,0
62280557737,0
62280557738,0
62280557749,0
62280557750,0
62280557751,0
62280557752,0
62280557753,0
62280557749,0
62280557750,0
62280557751,0
62280557752,0
10980916468,1
2719162949,1
68179700102,1
62280557753,0
62280557749,0
62280557750,0
62280557751,0
68179699926,1
62280557752,0
68179700072,1
62280557753,0
10980916407,1
62280557754,0
68179700041,1
62280557755,0
68179699928,1
62280557756,0
62280557757,0
10980916437,1
62280557758,0
41059520853,1
62280557754,0
62280557755,0
62280557756,0
62280557757,0
62280557758,0
62280557754,0
10980916407,1
10980916410,1
62280557755,0
62280557756,0
62280557757,0
68179699995,1
62280557758,0
62280557740,0
62280557759,0
10980916477,1
2719162843,1
41059520799,1
62280557759,0
68179700062,1
62280557759,0
2719162908,1
62280557760,0
2719162940,1
62280557760,0
62280557760,0
2719162908,1
68179700157,1
41059520959,1
68179700122,1
41059520960,1
10980916478,1
62280557726,0
62280557727,0
62280557743,0
62280557741,0
62280557742,0
62280557741,0
62280557742,0
62280557741,0
62280557742,0
10980916414,1
68179700111,1
2719162957,1
41059520799,1
68179699917,1
41059521006,1
68179700110,1
62280557744,0
41059521006,1
62280557745,0
62280557743,0
62280557746,0
62280557744,0
62280557745,0
62280557743,0
62280557746,0
62280557744,0
62280557747,0
62280557748,0
62280557747,0
2719162959,1
2719162959,1
68179699955,1
68179700081,1
41059520851,1
68179700148,1
68179699954,1
62280557748,0
62280557747,0
2719162832,1
68179700081,1
68179699954,1
62280557748,0
2719162917,0
62280557745,0
62280557746,0
41059520787,1
43398299604,0
62280557734,0
62280557735,0
62280557736,0
62280557737,0
62280557738,0
62280557749,0
62280557750,0
62280557751,0
62280557752,0
62280557753,0
62280557749,0
62280557750,0
62280557751,0
62280557752,0
62280557753,0
41059520788,1
2719162837,1
62280557749,0
62280557750,0
62280557751,0
62280557752,0
68179700072,1
62280557753,0
68179700053,1
62280557754,0
10980916457,1
62280557755,0
62280557756,0
68179699926,1
62280557757,0
62280557758,0
62280557754,0
41059520727,1
62280557755,0
62280557756,0
62280557757,0
62280557758,0
68179700024,1
62280557754,0
2719162999,1
62280557755,0
62280557756,0
62280557757,0
2719162843,1
62280557758,0
62280557740,0
10980916477,1
62280557759,0
2719162940,1
62280557759,0
62280557759,0
62280557760,0
62280557760,0
62280557760,0
68179699965,1
2719162940,1
41059520799,1
10980916477,1
41059520908,1
68179700062,1
41059520959,1
62280557727,0
62280557726,0
62280557743,0
62280557741,0
62280557742,0
62280557741,0
62280557742,0
62280557741,0
62280557742,0
41059520831,1
68179700111,1
10980916478,1
41059521070,1
62280557744,0
62280557745,0
62280557743,0
62280557746,0
62280557744,0
62280557745,0
62280557743,0
62280557746,0
62280557744,0
62280557745,0
62280557747,0
62280557746,0
62280557748,0
62280557747,0
2719162832,1
41059520943,1
41059520883,1
2719162769,1
41059520883,1
68179699986,1
62280557748,0
62280557747,0
2719162993,1
68179700052,1
68179700082,1
62280557748,0
2719162917,0
41059520787,1
43398299604,0
62280557734,0
62280557735,0
62280557736,0
62280557737,0
62280557738,0
2719162836,1
62280557749,0
62280557750,0
62280557751,0
62280557752,0
62280557753,0
62280557749,0
62280557750,0
62280557751,0
62280557752,0
2719162965,1
41059520837,1
68179700070,1
62280557753,0
62280557749,0
62280557750,0
62280557751,0
62280557752,0
62280557753,0
62280557754,0
10980916361,1
62280557755,0
62280557756,0
10980916457,1
41059520725,1
62280557757,0
62280557758,0
62280557754,0
62280557755,0
62280557756,0
2719162837,1
62280557757,0
2719162999,1
68179700122,1
62280557758,0
62280557754,0
62280557755,0
62280557756,0
2719162843,1
62280557757,0
2719162813,1
62280557758,0
10980916439,1
62280557740,0
62280557759,0
62280557759,0
62280557759,0
68179699928,1
62280557760,0
62280557760,0
10980916477,1
62280557760,0
41059520876,1
41059520959,1
41059520960,1
41059520959,1
41059520732,1
10980916477,1
10980916414,1
68179700122,1
62280557727,0
62280557726,0
62280557741,0
62280557742,0
62280557741,0
62280557742,0
62280557741,0
62280557742,0
41059520799,1
10980916478,1
68179699982,1
68179699982,1
62280557744,0
62280557745,0
62280557743,0
62280557746,0
62280557744,0
62280557745,0
62280557743,0
62280557746,0
62280557744,0
62280557745,0
62280557747,0
62280557746,0
62280557748,0
62280557747,0
2719162768,1
2719162959,1
2719162959,1
41059520883,1
2719162961,1
41059520787,1
68179700148,1
68179700082,1
62280557748,0
2719162832,1
62280557747,0
2719162960,1
68179699954,1
68179699986,1
68179700148,1
41059520787,1
2719162961,1
2719162993,1
62280557748,0
62280557747,0
62280557748,0
62280557734,0
62280557735,0
62280557736,0
62280557737,0
62280557738,0
62280557749,0
62280557750,0
62280557751,0
62280557752,0
62280557753,0
62280557749,0
62280557750,0
62280557751,0
68179700148,1
41059520851,1
62280557752,0
41059520949,1
62280557753,0
2719162964,1
41059520967,1
62280557749,0
62280557750,0
2719162966,1
62280557751,0
2719162837,1
62280557752,0
62280557753,0
62280557754,0
62280557755,0
10980916361,1
62280557756,0
68179700024,1
62280557757,0
10980916407,1
62280557758,0
41059520874,1
62280557754,0
62280557755,0
62280557756,0
68179700122,1
62280557757,0
62280557758,0
62280557754,0
62280557755,0
62280557756,0
62280557757,0
62280557758,0
62280557740,0
62280557759,0
62280557759,0
62280557759,0
2719162813,1
62280557760,0
62280557760,0
62280557760,0
2719162814,1
68179700062,1
41059520959,1
41059520876,1
41059520795,1
41059520960,1
41059520992,1
68179699965,1
68179700062,1
62280557743,0
62280557726,0
62280557727,0
62280557741,0
62280557742,0
62280557741,0
62280557742,0
62280557741,0
62280557742,0
41059520847,1
68179700062,1
68179699917,1
10980916429,1
41059520831,1
68179699982,1
68179699982,1
41059521070,1
62280557744,0
62280557745,0
62280557743,0
62280557746,0
62280557744,0
62280557745,0
62280557743,0
62280557746,0
62280557744,0
62280557747,0
62280557748,0
62280557747,0
2719162832,1
41059520943,1
41059521007,1
41059520787,1
2719162769,1
68179700148,1
68179700082,1
2719162960,1
62280557748,0
2719162960,1
62280557747,0
2719162836,1
2719162834,1
62280557748,0
2719162963,1
2719162917,0
62280557734,0
62280557735,0
62280557736,0
62280557737,0
62280557738,0
62280557749,0
62280557750,0
62280557751,0
62280557752,0
62280557753,0
62280557749,0
62280557750,0
62280557751,0
62280557752,0
2719162964,1
2719162949,1
62280557753,0
62280557749,0
62280557750,0
2719162983,1
62280557751,0
62280557752,0
68179700072,1
62280557753,0
41059520821,1
62280557754,0
62280557755,0
68179700024,1
62280557756,0
2719162966,1
62280557757,0
2719162986,1
41059520821,1
62280557758,0
62280557754,0
62280557755,0
62280557756,0
68179700024,1
68179699995,1
68179700122,1
62280557757,0
62280557758,0
62280557754,0
62280557755,0
62280557756,0
2719162843,1
62280557757,0
10980916407,1
62280557758,0
10980916409,1
62280557740,0
68179700157,1
62280557759,0
62280557759,0
62280557759,0
62280557760,0
10980916410,1
62280557760,0
68179700157,1
62280557760,0
41059520928,1
41059520799,1
10980916413,1
41059520766,1
10980916414,1
62280557726,0
62280557727,0
62280557743,0
62280557741,0
62280557742,0
10980916414,1
2719162959,1
41059520831,1
41059521006,1
62280557744,0
62280557743,0
62280557744,0
62280557741,0
62280557742,0
62280557741,0
62280557742,0
62280557743,0
62280557745,0
62280557746,0
62280557745,0
62280557746,0
2719162960,1
2719162959,1
68179699917,1
68179699917,1
41059520943,1
68179700081,1
41059521006,1
2719162834,1
62280557744,0
62280557745,0
62280557747,0
62280557746,0
62280557748,0
2719162832,1
62280557747,0
62280557748,0
62280557747,0
2719162993,1
2719162770,1
62280557748,0
2719162917,0
41059520787,1
41059520851,1
2719162993,1
2719162964,1
2719162836,1
41059520820,1
68179700082,1
43398299604,0
62280557734,0
62280557735,0
62280557736,0
62280557737,0
62280557738,0
62280557749,0
62280557750,0
62280557751,0
62280557752,0
62280557753,0
62280557749,0
62280557750,0
62280557751,0
62280557752,0
62280557753,0
62280557749,0
62280557750,0
68179699926,1
62280557751,0
62280557752,0
2719162836,1
62280557753,0
68179699928,1
62280557754,0
62280557755,0
62280557756,0
62280557757,0
41059520981,1
62280557758,0
62280557754,0
62280557755,0
2719162965,1
62280557756,0
2719162967,1
62280557757,0
68179699926,1
62280557758,0
68179700024,1
62280557754,0
62280557755,0
62280557756,0
62280557757,0
62280557758,0
2719162908,1
62280557740,0
62280557759,0
62280557759,0
62280557759,0
2719162908,1
2719162843,1
41059520799,1
62280557760,0
41059520831,1
62280557760,0
62280557760,0
68179700157,1
2719162940,1
41059520799,1
10980916477,1
2719162843,1
10980916414,1
62280557727,0
62280557726,0
62280557743,0
62280557741,0
62280557742,0
62280557741,0
62280557742,0
62280557741,0
62280557742,0
41059520799,1
2719162959,1
68179700013,1
10980916478,1
68179700013,1
68179699982,1
41059521070,1
62280557744,0
41059521070,1
62280557743,0
62280557744,0
62280557743,0
62280557744,0
62280557747,0
62280557748,0
62280557745,0
62280557746,0
62280557745,0
62280557746,0
62280557745,0
62280557746,0
62280557747,0
2719162768,1
41059520847,1
41059520943,1
2719162835,1
41059520849,1
41059520851,1
2719162962,1
62280557748,0
62280557747,0
41059520784,1
2719162993,1
2719162836,1
2719162834,1
2719162834,1
62280557748,0
2719162917,0
43398299604,0
62280557734,0
62280557735,0
62280557736,0
62280557737,0
62280557738,0
62280557749,0
62280557750,0
62280557751,0
62280557752,0
62280557753,0
62280557749,0
62280557750,0
62280557751,0
2719162964,1
41059520837,1
68179700102,1
62280557752,0
41059520853,1
62280557753,0
62280557749,0
62280557750,0
62280557751,0
68179700072,1
62280557752,0
62280557753,0
62280557754,0
68179699928,1
62280557755,0
62280557756,0
62280557757,0
62280557758,0
62280557754,0
2719162966,1
62280557755,0
2719162965,1
62280557756,0
2719162999,1
62280557757,0
62280557758,0
10980916407,1
68179699995,1
62280557754,0
68179699928,1
62280557755,0
68179699928,1
62280557756,0
2719162908,1
62280557757,0
2719162908,1
62280557758,0
62280557740,0
62280557759,0
68179699965,1
62280557759,0
68179700122,1
62280557759,0
62280557760,0
62280557760,0
68179699965,1
62280557760,0
41059520960,1
41059520960,1
41059520876,1
41059520927,1
2719162940,1
10980916413,1
68179700062,1
68179700122,1
68179700062,1
41059520864,1
62280557727,0
62280557726,0
62280557741,0
62280557742,0
62280557741,0
62280557742,0
62280557741,0
62280557742,0
68179700122,1
41059520831,1
68179699917,1
10980916414,1
68179699917,1
68179699982,1
62280557744,0
62280557745,0
62280557743,0
62280557746,0
62280557744,0
62280557743,0
62280557744,0
62280557747,0
62280557748,0
62280557747,0
2719162832,1
2719162959,1
41059520943,1
2719162835,1
2719162835,1
2719162961,1
41059520786,1
62280557748,0
2719162768,1
62280557745,0
62280557746,0
62280557745,0
62280557746,0
62280557747,0
2719162964,1
2719162769,1
2719162963,1
41059520754,1
41059520786,1
62280557748,0
2719162917,0
43398299604,0
62280557734,0
62280557735,0
62280557736,0
62280557737,0
62280557738,0
62280557749,0
62280557750,0
62280557751,0
62280557752,0
62280557753,0
62280557749,0
62280557750,0
62280557751,0
2719162949,1
68179700006,1
62280557752,0
41059520949,1
62280557753,0
62280557749,0
62280557750,0
2719162966,1
62280557751,0
62280557752,0
2719162836,1
62280557753,0
62280557754,0
2719162968,1
62280557755,0
62280557756,0
41059520810,1
62280557757,0
62280557758,0
62280557754,0
62280557755,0
2719162965,1
62280557756,0
62280557757,0
62280557758,0
62280557754,0
62280557755,0
62280557756,0
62280557757,0
62280557758,0
2719162908,1
62280557740,0
62280557759,0
62280557759,0
62280557759,0
41059520734,1
2719162908,1
68179699995,1
62280557760,0
41059520831,1
62280557760,0
2719162813,1
62280557760,0
10980916477,1
41059520831,1
10980916477,1
68179700062,1
41059520960,1
41059520992,1
62280557726,0
62280557727,0
62280557743,0
62280557741,0
62280557742,0
62280557741,0
62280557742,0
62280557741,0
62280557742,0
41059520798,1
41059520847,1
68179699917,1
41059521070,1
62280557744,0
41059521006,1
62280557745,0
62280557743,0
62280557746,0
62280557744,0
62280557745,0
62280557746,0
62280557743,0
62280557744,0
62280557747,0
62280557748,0
62280557747,0
41059520784,1
41059520943,1
2719162769,1
41059520851,1
2719162964,1
41059520786,1
62280557748,0
62280557747,0
2719162836,1
41059520786,1
62280557748,0
2719162917,0
2719162995,1
62280557734,0
62280557735,0
62280557736,0
62280557737,0
62280557738,0
62280557749,0
62280557750,0
62280557751,0
62280557752,0
62280557753,0
41059520756,1
62280557749,0
62280557750,0
62280557751,0
62280557752,0
62280557753,0
68179700053,1
62280557749,0
41059521029,1
68179700006,1
62280557750,0
62280557751,0
10980916407,1
62280557752,0
62280557753,0
62280557754,0
41059520821,1
62280557755,0
41059520821,1
62280557756,0
62280557757,0
68179700122,1
68179699926,1
62280557758,0
2719162966,1
62280557754,0
62280557755,0
2719162954,1
62280557756,0
68179699995,1
62280557757,0
62280557758,0
2719162967,1
62280557754,0
62280557755,0
62280557756,0
62280557757,0
68179700157,1
68179699995,1
62280557758,0
68179700024,1
62280557740,0
62280557759,0
62280557759,0
2719162908,1
62280557759,0
62280557760,0
62280557760,0
62280557760,0
2719162908,1
2719162940,1
41059520799,1
10980916477,1
68179700122,1
41059520799,1
41059520766,1
41059520928,1
62280557726,0
62280557727,0
62280557743,0
62280557741,0
62280557742,0
62280557741,0
62280557742,0
62280557741,0
62280557742,0
68179700013,1
2719162957,1
41059520831,1
68179699982,1
62280557744,0
41059521006,1
62280557745,0
62280557743,0
62280557746,0
62280557744,0
62280557745,0
62280557743,0
62280557746,0
62280557744,0
62280557745,0
62280557746,0
62280557747,0
62280557748,0
62280557747,0
41059520784,1
41059520847,1
41059520943,1
41059520851,1
68179699985,1
2719162964,1
2719162770,1
2719162960,1
62280557748,0
62280557747,0
2719162832,1
68179700081,1
2719162834,1
62280557748,0
2719162917,0
43398299604,0
41059520820,1
62280557734,0
62280557735,0
62280557736,0
62280557737,0
62280557738,0
62280557749,0
62280557750,0
62280557751,0
62280557752,0
62280557753,0
62280557749,0
62280557750,0
62280557751,0
62280557752,0
2719162837,1
62280557753,0
68179699926,1
62280557749,0
68179700102,1
62280557750,0
62280557751,0
2719162983,1
62280557752,0
68179699928,1
41059520820,1
62280557753,0
62280557754,0
62280557755,0
62280557756,0
41059520949,1
68179700041,1
62280557757,0
62280557758,0
2719162966,1
2719162954,1
62280557754,0
2719162965,1
62280557755,0
62280557756,0
62280557757,0
62280557758,0
62280557754,0
2719162908,1
62280557755,0
68179700024,1
62280557756,0
62280557757,0
2719162843,1
62280557758,0
68179699965,1
62280557740,0
10980916409,1
41059520890,1
62280557759,0
62280557759,0
2719162908,1
62280557759,0
62280557760,0
62280557760,0
62280557760,0
2719162940,1
41059520927,1
41059520733,1
41059520733,1
41059520734,1
41059520864,1
62280557727,0
62280557726,0
62280557743,0
62280557741,0
62280557742,0
62280557741,0
62280557742,0
62280557741,0
62280557742,0
68179700013,1
41059520847,1
10980916478,1
2719162957,1
68179699982,1
41059521070,1
62280557744,0
41059521006,1
62280557745,0
62280557743,0
62280557746,0
62280557744,0
62280557745,0
62280557743,0
62280557746,0
62280557744,0
62280557745,0
62280557747,0
62280557746,0
62280557748,0
62280557747,0
2719162960,1
41059520847,1
41059520847,1
2719162835,1
2719162769,1
2719162964,1
41059520786,1
62280557748,0
2719162960,1
62280557747,0
68179700081,1
2719162836,1
41059520754,1
2719162834,1
62280557748,0
2719162917,0
43398299604,0
62280557734,0
62280557735,0
62280557736,0
62280557737,0
62280557738,0
62280557749,0
62280557750,0
62280557751,0
62280557752,0
62280557753,0
62280557749,0
62280557750,0
2719162963,1
2719162982,1
62280557751,0
2719162964,1
62280557752,0
62280557753,0
41059520935,1
62280557749,0
41059520821,1
62280557750,0
68179700072,1
62280557751,0
2719162964,1
62280557752,0
62280557753,0
10980916407,1
62280557754,0
62280557755,0
2719162954,1
62280557756,0
62280557757,0
62280557758,0
41059520727,1
62280557754,0
62280557755,0
2719162999,1
62280557756,0
62280557757,0
62280557758,0
68179700024,1
68179699928,1
62280557754,0
62280557755,0
62280557756,0
62280557757,0
62280557758,0
68179700157,1
62280557740,0
2719162837,1
62280557759,0
62280557759,0
62280557759,0
62280557760,0
62280557760,0
62280557760,0
68179699995,1
41059520794,1
41059520831,1
68179700062,1
2719162908,1
41059520864,1
68179700157,1
41059520733,1
68179700062,1
62280557727,0
62280557726,0
2719163007,1
10980916478,1
62280557744,0
62280557741,0
62280557742,0
62280557741,0
62280557742,0
62280557741,0
62280557743,0
62280557742,0
62280557745,0
62280557746,0
2719162832,1
68179700013,1
68179699917,1
68179700013,1
2719162959,1
2719162769,1
68179699982,1
41059521006,1
2719162834,1
62280557744,0
62280557745,0
62280557743,0
62280557746,0
62280557744,0
62280557747,0
62280557745,0
62280557746,0
62280557748,0
62280557747,0
62280557748,0
62280557747,0
2719162832,1
2719162835,1
68179700051,1
2719162963,1
68179700081,1
2719162964,1
68179700148,1
2719162834,1
62280557748,0
2719162960,1
2719162917,0
2719162836,1
2719162949,1
2719162834,1
43398299604,0
62280557734,0
62280557735,0
62280557736,0
62280557737,0
62280557738,0
62280557749,0
62280557750,0
62280557751,0
62280557752,0
62280557753,0
62280557749,0
62280557750,0
62280557751,0
62280557752,0
62280557753,0
41059520884,1
62280557749,0
62280557750,0
41059520935,1
62280557751,0
62280557752,0
68179700072,1
62280557753,0
10980916407,1
68179700053,1
62280557754,0
62280557755,0
2719162968,1
62280557756,0
2719162966,1
62280557757,0
62280557758,0
2719162965,1
62280557754,0
2719162967,1
62280557755,0
62280557756,0
62280557757,0
62280557758,0
62280557754,0
68179700024,1
68179700122,1
62280557755,0
68179700024,1
62280557756,0
62280557757,0
62280557758,0
62280557740,0
62280557759,0
62280557759,0
10980916439,1
62280557759,0
41059520763,1
62280557760,0
62280557760,0
62280557760,0
41059520766,1
68179699965,1
10980916413,1
68179700062,1
62280557726,0
62280557727,0
62280557743,0
68179700062,1
2719162959,1
62280557744,0
62280557743,0
62280557741,0
62280557742,0
62280557742,0
62280557741,0
62280557742,0
62280557741,0
62280557745,0
62280557746,0
2719162832,1
41059520847,1
68179700013,1
68179699982,1
2719162769,1
68179699982,1
2719162829,1
68179700013,1
2719162770,1
62280557744,0
62280557745,0
62280557743,0
62280557746,0
62280557744,0
62280557747,0
62280557748,0
62280557747,0
62280557748,0
62280557747,0
41059520911,1
2719162963,1
2719162993,1
68179700148,1
68179700052,1
68179699984,1
62280557748,0
2719162917,0
62280557734,0
62280557735,0
62280557736,0
62280557737,0
62280557738,0
62280557749,0
62280557750,0
62280557751,0
62280557752,0
62280557753,0
62280557749,0
62280557750,0
62280557751,0
62280557752,0
41059520901,1
68179700102,1
62280557753,0
2719162837,1
62280557749,0
62280557750,0
2719162983,1
62280557751,0
68179699926,1
62280557752,0
62280557753,0
41059520821,1
62280557754,0
68179700041,1
62280557755,0
62280557756,0
2719162966,1
62280557757,0
2719162965,1
62280557758,0
2719162967,1
62280557754,0
62280557755,0
41059520726,1
62280557756,0
62280557757,0
62280557758,0
68179699928,1
62280557754,0
10980916439,1
68179700122,1
62280557755,0
62280557756,0
62280557757,0
62280557758,0
62280557740,0
62280557759,0
62280557759,0
68179699995,1
62280557759,0
62280557760,0
41059520890,1
68179700157,1
41059520959,1
62280557760,0
2719162908,1
62280557760,0
41059521051,1
41059520831,1
41059520927,1
41059520733,1
41059520764,1
10980916414,1
10980916477,1
10980916478,1
68179699936,1
62280557726,0
62280557727,0
62280557743,0
62280557741,0
62280557742,0
62280557741,0
62280557742,0
41059520766,1
2719162959,1
2719162957,1
68179700013,1
2719163007,1
41059521102,1
62280557744,0
62280557743,0
62280557744,0
62280557743,0
62280557744,0
62280557741,0
62280557742,0
62280557745,0
62280557746,0
62280557747,0
62280557745,0
62280557746,0
62280557745,0
62280557746,0
2719162769,1
68179700051,1
2719162770,1
41059521006,1
62280557748,0
62280557747,0
68179700016,1
62280557748,0
62280557747,0
68179700081,1
2719162964,1
2719162834,1
68179699986,1
62280557748,0
2719162917,0
2719162963,1
2719162835,1
43398299604,0
62280557734,0
62280557735,0
62280557736,0
62280557737,0
62280557738,0
62280557749,0
62280557750,0
62280557751,0
62280557752,0
62280557753,0
41059520820,1
62280557749,0
62280557750,0
62280557751,0
62280557752,0
2719162837,1
62280557753,0
62280557749,0
62280557750,0
2719162967,1
62280557751,0
2719162983,1
62280557752,0
68179699928,1
62280557753,0
41059520820,1
68179700072,1
62280557754,0
62280557755,0
62280557756,0
62280557757,0
2719162986,1
2719162966,1
68179700122,1
62280557758,0
68179700073,1
62280557754,0
62280557755,0
2719162967,1
62280557756,0
62280557757,0
62280557758,0
68179699928,1
62280557754,0
62280557755,0
62280557756,0
62280557757,0
10980916409,1
62280557758,0
68179700157,1
62280557740,0
2719162965,1
62280557759,0
41059520949,1
62280557759,0
62280557759,0
62280557760,0
62280557760,0
2719162843,1
41059520795,1
62280557760,0
2719162940,1
68179699965,1
41059520890,1
62280557727,0
62280557726,0
62280557743,0
62280557741,0
62280557742,0
62280557741,0
62280557742,0
62280557741,0
62280557742,0
41059520799,1
68179700111,1
2719162957,1
2719162829,1
10980916414,1
68179699982,1
41059521102,1
62280557744,0
41059520910,1
62280557745,0
62280557743,0
62280557744,0
62280557743,0
62280557744,0
62280557747,0
62280557748,0
62280557747,0
41059520847,1
68179699955,1
2719162961,1
41059520787,1
62280557746,0
62280557745,0
62280557746,0
62280557745,0
62280557746,0
2719162960,1
2719162834,1
2719162993,1
68179699985,1
62280557748,0
62280557747,0
68179699986,1
41059520788,1
62280557748,0
2719162917,0
43398299604,0
62280557734,0
62280557735,0
62280557736,0
62280557737,0
62280557738,0
62280557749,0
62280557750,0
62280557751,0
62280557752,0
62280557753,0
62280557749,0
62280557750,0
2719162963,1
62280557751,0
2719162964,1
41059520901,1
62280557752,0
2719162965,1
2719162982,1
62280557753,0
62280557749,0
62280557750,0
41059520871,1
62280557751,0
10980916407,1
62280557752,0
41059520820,1
62280557753,0
62280557754,0
62280557755,0
62280557756,0
62280557757,0
41059520778,1
62280557758,0
62280557754,0
41059520726,1
62280557755,0
2719162965,1
62280557756,0
62280557757,0
62280557758,0
62280557754,0
62280557755,0
68179699928,1
62280557756,0
62280557757,0
68179699995,1
62280557758,0
68179700157,1
62280557740,0
41059520794,1
62280557759,0
62280557759,0
62280557759,0
41059520798,1
62280557760,0
62280557760,0
62280557760,0
68179699965,1
2719163007,1
68179700062,1
10980916413,1
68179700062,1
10980916399,0
41059520807,0
41059520807,0
41059520807,0
41059520807,0
62280557761,0
41059520911,1
41059520967,1
41059520871,1
41059520967,1
62280557761,0
62280557761,0
62280557745,0
62280557746,0
62280557761,0
41059520897,1
62280557762,0
62280557762,0
62280557762,0
62280557762,0
62280557762,0
62280557762,0
62280557762,0
62280557763,0
62280557763,0
62280557763,0
62280557763,0
62280557763,0
62280557763,0
62280557763,0
62280557762,0
2719162917,0
43398299604,0
68179700130,1
68179700130,1
2719162917,0
68179700131,1
62280557762,0
10980916386,1
62280557763,0
62280557763,0
68179699907,1
62280557762,0
62280557762,0
41059520901,1
68179700131,1
62280557763,0
2719162836,1
68179699907,1
43398299604,0
68179699907,1
2719162917,0
43398299604,0
68179700130,1
2719162917,0
62280557763,0
68179700101,1
68179699907,1
62280557762,0
68179699907,1
43398299604,0
68179700131,1
2719162917,0
43398299604,0
68179700130,1
2719162917,0
68179700131,1
2719162836,1
68179699907,1
68179700034,1
43398299604,0
2719162917,0
43398299604,0
2719162917,0
43398299604,0
68179700148,1
62280557766,0
43398299604,0
68179700101,1
62280557763,0
68179700099,1
62280557766,0
62280557764,0
62280557765,0
68179700102,1
2719162850,1
68179699907,1
62280557767,0
62280557766,0
62280557767,0
62280557766,0
62280557767,0
62280557766,0
68179700101,1
62280557767,0
41059520788,1
41059520871,1
68179700006,1
41059520820,1
41059520756,1
68179700006,1
41059520916,1
2719162983,1
41059520964,1
41059520901,1
62280557766,0
62280557767,0
41059520871,1
68179700006,1
2719162983,1
41059520935,1
62280557764,0
62280557764,0
62280557765,0
62280557765,0
62280557764,0
62280557764,0
62280557765,0
62280557765,0
62280557764,0
62280557764,0
62280557765,0
62280557765,0
62280557764,0
62280557764,0
62280557765,0
62280557765,0
41059520996,1
62280557764,0
41059520997,1
62280557766,0
41059520996,1
41059520996,1
41059520932,1
41059520900,1
62280557767,0
41059521029,1
62280557764,0
41059520997,1
62280557766,0
62280557765,0
68179700101,1
62280557765,0
41059520932,1
62280557764,0
41059520932,1
62280557767,0
62280557766,0
62280557767,0
62280557766,0
62280557767,0
41059520932,1
68179700100,1
2719162983,1
2719162949,1
62280557766,0
62280557765,0
62280557768,0
62280557768,0
41059520871,1
62280557769,0
2719162884,1
62280557769,0
62280557767,0
41059520935,1
62280557766,0
68179700101,1
68179700101,1
68179700070,1
68179700101,1
62280557767,0
2719162923,0
62280557767,0
2719162923,0
62280557770,0
2719162923,0
62280557770,0
2719162923,0
62280557770,0
10980916361,1
68179700102,1
41059520811,1
2719162923,0
41059520871,1
62280557770,0
41059520935,1
2719162983,1
41059520875,1
41059520811,1
41059520811,1
41059520811,1
41059520842,1
41059520875,1
2719162923,0
62280557770,0
2719162923,0
62280557770,0
62280557754,0
62280557755,0
62280557756,0
62280557757,0
62280557758,0
62280557771,0
41059520811,1
41059520875,1
41059520890,1
62280557772,0
2719162908,1
62280557773,0
10980916413,1
2719162795,1
62280557774,0
68179699917,1
62280557775,0
62280557771,0
62280557772,0
62280557773,0
62280557774,0
62280557775,0
62280557771,0
62280557772,0
62280557773,0
62280557774,0
62280557775,0
62280557771,0
62280557772,0
62280557773,0
62280557774,0
62280557775,0
2719162959,1
10980916395,1
62280557771,0
68179700139,1
62280557772,0
41059520876,1
62280557773,0
62280557774,0
62280557775,0
2719162957,1
62280557771,0
2719162957,1
62280557772,0
2719162957,1
62280557773,0
41059521070,1
62280557774,0
62280557775,0
41059521070,1
62280557771,0
2719162959,1
62280557772,0
68179700139,1
62280557773,0
62280557774,0
62280557775,0
68179700013,1
2719162955,1
41059520847,1
62280557771,0
41059521070,1
62280557772,0
41059520876,1
62280557773,0
62280557774,0
41059520847,1
62280557775,0
41059520813,1
62280557771,0
62280557772,0
62280557773,0
41059521102,1
62280557774,0
2719162829,1
62280557775,0
2719162959,1
62280557771,0
41059520876,1
2719162959,1
2719162957,1
68179700013,1
62280557772,0
68179699982,1
41059520911,1
41059520779,1
41059520779,1
62280557773,0
62280557774,0
62280557775,0
62280557771,0
41059520911,1
62280557772,0
62280557773,0
62280557774,0
62280557775,0
62280557771,0
62280557772,0
62280557773,0
62280557774,0
62280557775,0
62280557776,0
62280557777,0
62280557778,0
2719162955,1
2719162960,1
62280557779,0
41059521070,1
41059520876,1
41059520911,1
2719162957,1
68179700013,1
62280557780,0
62280557776,0
41059521070,1
62280557777,0
62280557778,0
62280557779,0
62280557780,0
62280557776,0
62280557777,0
62280557778,0
62280557779,0
41059521070,1
62280557780,0
41059520851,1
62280557776,0
62280557777,0
62280557778,0
41059520784,1
41059520816,1
62280557779,0
2719162961,1
62280557780,0
68179700081,1
62280557776,0
41059520816,1
62280557777,0
62280557778,0
41059520786,1
62280557779,0
62280557780,0
68179700051,1
62280557776,0
2719162835,1
62280557777,0
62280557778,0
41059520884,1
62280557779,0
62280557780,0
41059520787,1
62280557776,0
62280557777,0
62280557778,0
62280557779,0
41059520786,1
62280557780,0
41059521007,1
2719162964,1
2719162835,1
41059521007,1
62280557776,0
62280557777,0
62280557778,0
2719162964,1
62280557779,0
62280557780,0
62280557776,0
2719162832,1
2719162769,1
62280557777,0
41059520754,1
62280557778,0
41059520784,1
62280557779,0
62280557780,0
62280557776,0
2719162964,1
41059520754,1
2719162993,1
62280557777,0
41059520851,1
62280557778,0
62280557779,0
41059520851,1
62280557780,0
62280557776,0
62280557777,0
41059520784,1
62280557778,0
2719162836,1
62280557779,0
41059520754,1
62280557780,0
41059520786,1
62280557776,0
62280557777,0
2719162993,1
62280557778,0
62280557779,0
62280557780,0
62280557781,0
2719162964,1
2719162993,1
41059520949,1
62280557782,0
2719162995,1
62280557783,0
41059520820,1
62280557784,0
41059520786,1
62280557785,0
62280557781,0
41059520784,1
62280557782,0
41059520786,1
62280557783,0
2719162963,1
62280557784,0
62280557785,0
62280557781,0
62280557782,0
2719162960,1
68179700082,1
68179699928,1
62280557783,0
41059520853,1
62280557784,0
2719162995,1
62280557785,0
62280557760,0
62280557786,0
41059520916,1
62280557786,0
10980916407,1
62280557786,0
62280557786,0
68179699985,1
62280557786,0
41059520794,1
62280557786,0
62280557786,0
62280557786,0
68179699928,1
2719162966,1
62280557786,0
10980916409,1
62280557786,0
10980916407,1
62280557786,0
41059520794,1
62280557786,0
29078520620,0
29078520620,0
29078520620,0
29078520620,0
29078520620,0
29078520620,0
29078520620,0
29078520620,0
29078520620,0
41059520890,1
29078520620,0
29078520620,0
29078520620,0
41059520768,1
29078520621,0
29078520621,0
29078520621,0
41059520876,1
41059520876,1
41059520876,1
68179699917,1
2719162957,1
62280557763,0
62280557762,0
62280557762,0
62280557763,0
2719162917,0
62280557762,0
62280557763,0
62280557764,0
62280557765,0
68179700131,1
10980916386,1
41059520932,1
41059520997,1
43398299604,0
62280557764,0
62280557765,0
2719162917,0
43398299604,0
62280557766,0
62280557767,0
62280557766,0
62280557767,0
62280557766,0
41059520820,1
2719162949,1
68179700006,1
41059520935,1
41059520871,1
2719162980,1
41059520820,1
41059520901,1
62280557767,0
62280557764,0
62280557765,0
62280557768,0
62280557769,0
2719162923,0
41059520935,1
2719162795,1
68179700073,1
62280557770,0
2719162923,0
62280557770,0
62280557771,0
62280557772,0
62280557773,0
62280557774,0
62280557775,0
62280557771,0
62280557772,0
62280557773,0
62280557774,0
62280557775,0
62280557771,0
62280557772,0
62280557773,0
41059520874,1
68179700139,1
41059520779,1
62280557774,0
41059520779,1
62280557775,0
62280557776,0
62280557777,0
62280557778,0
2719162957,1
62280557779,0
68179700013,1
41059520874,1
62280557780,0
41059521006,1
41059521070,1
62280557776,0
62280557777,0
41059520875,1
62280557778,0
62280557779,0
62280557780,0
2719162957,1
68179700111,1
62280557776,0
41059521070,1
62280557777,0
2719162962,1
62280557778,0
62280557779,0
62280557780,0
2719162769,1
62280557781,0
41059520847,1
62280557782,0
68179700051,1
62280557783,0
41059520754,1
62280557784,0
41059520876,1
62280557785,0
62280557786,0
62280557786,0
62280557786,0
68179700081,1
2719162960,1
41059520794,1
29078520620,0
29078520620,0
2719162835,1
29078520620,0
41059520754,1
29078520621,0
2719162968,1
41059520981,1
62280557746,0
62280557745,0
62280557762,0
62280557763,0
62280557762,0
62280557763,0
62280557762,0
62280557763,0
68179699954,1
68179699907,1
43398299604,0
62280557764,0
2719162917,0
62280557765,0
62280557764,0
2719162917,0
62280557765,0
43398299604,0
62280557766,0
62280557767,0
62280557766,0
41059520788,1
41059520871,1
41059520932,1
41059520932,1
41059520916,1
62280557767,0
62280557766,0
62280557767,0
2719162923,0
62280557765,0
62280557764,0
68179700101,1
2719162983,1
68179700100,1
62280557770,0
62280557754,0
62280557755,0
62280557756,0
62280557757,0
62280557758,0
62280557771,0
62280557772,0
62280557773,0
62280557774,0
62280557775,0
62280557771,0
62280557772,0
62280557773,0
62280557774,0
62280557775,0
41059520874,1
41059520762,1
41059520779,1
62280557771,0
41059520875,1
62280557772,0
62280557773,0
62280557774,0
62280557775,0
2719162940,1
62280557776,0
62280557777,0
62280557778,0
10980916413,1
62280557779,0
62280557780,0
41059521070,1
62280557776,0
62280557777,0
10980916414,1
62280557778,0
2719162957,1
62280557779,0
68179700111,1
62280557780,0
62280557776,0
62280557777,0
41059521006,1
62280557778,0
62280557779,0
2719162960,1
62280557780,0
41059520911,1
62280557760,0
62280557786,0
2719162960,1
62280557786,0
2719162834,1
62280557786,0
68179700016,1
29078520620,0
2719162835,1
29078520620,0
29078520620,0
68179700081,1
41059520820,1
41059520787,1
41059520954,1
41059520794,1
41059520820,1
41059520851,1
41059520876,1
62280557762,0
62280557763,0
2719162917,0
62280557762,0
62280557763,0
62280557762,0
62280557763,0
62280557764,0
62280557765,0
41059521028,1
68179699907,1
43398299604,0
41059520901,1
62280557764,0
2719162917,0
62280557765,0
43398299604,0
62280557764,0
62280557766,0
62280557765,0
62280557767,0
62280557766,0
62280557767,0
62280557766,0
68179700102,1
68179700006,1
68179700006,1
41059520967,1
41059520871,1
2719162980,1
41059520820,1
62280557767,0
2719162923,0
10980916420,1
41059520871,1
62280557770,0
2719162923,0
10980916395,1
62280557771,0
62280557772,0
62280557773,0
62280557774,0
62280557775,0
62280557771,0
62280557772,0
62280557773,0
62280557774,0
62280557775,0
62280557771,0
62280557772,0
62280557773,0
62280557774,0
41059520842,1
41059520875,1
62280557775,0
62280557776,0
62280557777,0
62280557778,0
62280557779,0
62280557780,0
68179699982,1
62280557776,0
62280557777,0
41059520847,1
62280557778,0
68179700110,1
62280557779,0
2719162960,1
62280557780,0
62280557776,0
62280557777,0
2719162957,1
62280557778,0
2719162961,1
62280557779,0
62280557780,0
41059521070,1
41059520784,1
62280557781,0
2719162834,1
62280557782,0
41059521007,1
62280557783,0
2719162993,1
62280557784,0
62280557785,0
62280557786,0
2719162832,1
62280557786,0
41059520788,1
62280557786,0
2719162993,1
29078520620,0
29078520620,0
2719162965,1
29078520620,0
68179700082,1
29078520621,0
2719162964,1
2719162995,1
41059520916,1
68179700024,1
68179699917,1
62280557762,0
62280557763,0
2719162917,0
62280557762,0
62280557763,0
62280557762,0
62280557763,0
62280557764,0
62280557765,0
68179700101,1
2719162850,1
68179700131,1
43398299604,0
41059520901,1
62280557764,0
2719162917,0
62280557765,0
43398299604,0
62280557764,0
62280557766,0
62280557765,0
62280557767,0
62280557768,0
62280557766,0
62280557769,0
62280557767,0
62280557766,0
2719162964,1
68179700102,1
68179700102,1
41059520967,1
41059520872,1
41059520788,1
68179700041,1
2719162949,1
62280557767,0
2719162923,0
41059520935,1
68179700101,1
62280557770,0
2719162923,0
62280557770,0
62280557771,0
62280557772,0
62280557773,0
62280557774,0
62280557775,0
62280557771,0
62280557772,0
62280557773,0
62280557774,0
62280557775,0
62280557771,0
62280557772,0
62280557773,0
41059520810,1
2719162955,1
41059520779,1
62280557774,0
41059520779,1
41059520875,1
62280557775,0
62280557776,0
62280557777,0
41059520876,1
62280557778,0
2719162829,1
62280557779,0
41059520810,1
62280557780,0
41059521070,1
62280557776,0
68179700110,1
62280557777,0
41059520811,1
62280557778,0
2719162959,1
41059520784,1
62280557779,0
2719162959,1
62280557780,0
41059520876,1
62280557776,0
62280557777,0
62280557778,0
62280557779,0
2719162957,1
62280557780,0
62280557781,0
41059520784,1
62280557782,0
2719162835,1
62280557783,0
2719162959,1
62280557784,0
62280557785,0
41059520820,1
62280557786,0
62280557786,0
2719162770,1
62280557786,0
68179700081,1
29078520620,0
29078520620,0
41059520851,1
41059520949,1
29078520620,0
68179700082,1
29078520621,0
41059520787,1
41059520890,1
41059520820,1
68179700024,1
68179699926,1
41059520788,1
68179699917,1
62280557762,0
62280557763,0
62280557762,0
2719162917,0
62280557763,0
62280557762,0
62280557763,0
62280557764,0
62280557765,0
2719162850,1
68179700101,1
2719162850,1
2719162884,1
68179700131,1
68179699907,1
41059520901,1
43398299604,0
62280557764,0
2719162917,0
62280557765,0
43398299604,0
62280557764,0
62280557766,0
62280557765,0
62280557767,0
62280557768,0
62280557766,0
62280557769,0
62280557767,0
62280557766,0
68179700148,1
41059521063,1
2719162884,1
2719162836,1
2719162949,1
62280557767,0
2719162923,0
62280557770,0
2719162923,0
62280557770,0
62280557771,0
62280557772,0
62280557773,0
62280557774,0
62280557775,0
62280557771,0
62280557772,0
62280557773,0
62280557774,0
62280557775,0
62280557771,0
62280557772,0
62280557773,0
41059520810,1
10980916395,1
41059520779,1
62280557774,0
41059520779,1
62280557775,0
62280557776,0
62280557777,0
62280557778,0
68179700013,1
62280557779,0
68179700013,1
41059520810,1
62280557780,0
41059521070,1
62280557776,0
41059521102,1
62280557777,0
41059520875,1
62280557778,0
2719162959,1
62280557779,0
62280557780,0
62280557776,0
41059520944,1
62280557777,0
68179699982,1
62280557778,0
62280557779,0
62280557780,0
62280557781,0
62280557782,0
62280557783,0
41059520851,1
62280557784,0
68179700081,1
2719162834,1
62280557785,0
41059520876,1
62280557786,0
2719162964,1
62280557786,0
2719162834,1
62280557786,0
2719162995,1
29078520620,0
29078520620,0
29078520620,0
29078520621,0
2719162960,1
68179700122,1
2719162836,1
2719162963,1
41059520876,1
41059520981,1
68179700013,1
62280557763,0
62280557762,0
62280557762,0
62280557763,0
2719162787,1
41059520899,1
43398299604,0
2719162917,0
43398299604,0
62280557763,0
62280557762,0
62280557763,0
62280557762,0
2719162917,0
62280557764,0
62280557765,0
62280557764,0
62280557765,0
68179700148,1
68179700099,1
2719162949,1
2719162978,1
2719162978,1
43398299604,0
62280557766,0
62280557764,0
62280557765,0
62280557767,0
62280557766,0
2719162980,1
10980916372,1
41059520901,1
62280557767,0
62280557766,0
2719162836,1
41059520804,1
62280557767,0
2719162923,0
68179700006,1
62280557770,0
62280557771,0
68179700139,1
62280557772,0
62280557773,0
62280557774,0
62280557775,0
62280557771,0
62280557772,0
62280557773,0
62280557774,0
62280557775,0
62280557771,0
62280557772,0
62280557773,0
62280557774,0
62280557775,0
41059520810,1
41059520875,1
41059520875,1
62280557771,0
41059520971,1
62280557772,0
41059520876,1
62280557773,0
2719162956,1
62280557774,0
62280557775,0
68179700013,1
68179699917,1
62280557776,0
62280557777,0
2719162957,1
62280557778,0
62280557779,0
41059521070,1
62280557780,0
62280557776,0
62280557777,0
41059520911,1
2719162961,1
41059520911,1
41059520911,1
41059520784,1
62280557778,0
62280557779,0
68179699917,1
62280557780,0
41059520816,1
62280557776,0
62280557777,0
62280557778,0
2719162993,1
62280557779,0
62280557780,0
68179699982,1
2719162770,1
62280557786,0
62280557786,0
62280557786,0
62280557786,0
2719162836,1
41059520851,1
68179700122,1
29078520620,0
29078520620,0
41059521007,1
29078520620,0
2719162835,1
10980916468,1
68179700082,1
2719162834,1
41059520787,1
41059520876,1
2719162964,1
62280557762,0
62280557763,0
2719162917,0
62280557762,0
62280557763,0
41059520866,1
68179700131,1
43398299604,0
2719162917,0
43398299604,0
62280557766,0
62280557762,0
62280557763,0
62280557764,0
62280557765,0
62280557764,0
62280557765,0
62280557764,0
62280557765,0
2719162836,1
41059520964,1
10980916419,1
41059520837,1
41059520804,1
62280557767,0
62280557766,0
68179700052,1
62280557767,0
62280557766,0
41059520935,1
62280557767,0
2719162923,0
2719162884,1
68179700102,1
41059520935,1
68179700139,1
62280557770,0
2719162923,0
62280557771,0
62280557772,0
62280557773,0
62280557774,0
62280557775,0
62280557771,0
62280557772,0
62280557773,0
62280557774,0
62280557775,0
62280557771,0
62280557772,0
62280557773,0
62280557774,0
2719162955,1
62280557775,0
41059520875,1
62280557776,0
62280557777,0
41059520876,1
62280557778,0
62280557779,0
62280557780,0
41059520811,1
62280557776,0
62280557777,0
62280557778,0
41059520876,1
41059520784,1
62280557779,0
2719162959,1
62280557780,0
41059520911,1
2719162957,1
62280557776,0
62280557777,0
68179700081,1
62280557778,0
62280557779,0
62280557780,0
41059521070,1
62280557781,0
2719162770,1
62280557782,0
62280557783,0
41059520883,1
2719162993,1
68179700081,1
41059521007,1
62280557784,0
68179700052,1
62280557785,0
62280557786,0
62280557786,0
62280557786,0
29078520620,0
29078520620,0
41059520851,1
29078520620,0
41059520787,1
29078520621,0
10980916407,1
2719162836,1
68179700024,1
41059520876,1
41059520876,1
68179700122,1
62280557762,0
62280557763,0
2719162917,0
62280557762,0
62280557763,0
62280557762,0
62280557763,0
62280557764,0
62280557765,0
41059520770,1
2719162850,1
2719162787,1
41059520964,1
68179700131,1
68179700099,1
43398299604,0
41059520965,1
2719162917,0
43398299604,0
62280557766,0
62280557767,0
62280557766,0
62280557767,0
62280557764,0
62280557765,0
62280557764,0
62280557765,0
62280557768,0
62280557766,0
62280557769,0
68179700148,1
41059520838,1
41059520967,1
10980916456,1
2719162980,1
2719162964,1
10980916457,1
68179700101,1
62280557767,0
2719162923,0
2719162884,1
41059520935,1
68179700101,1
68179700139,1
62280557770,0
62280557770,0
2719162795,1
62280557771,0
62280557772,0
62280557773,0
62280557774,0
62280557775,0
62280557771,0
62280557772,0
62280557773,0
62280557774,0
62280557775,0
62280557771,0
62280557772,0
62280557773,0
62280557774,0
62280557775,0
62280557776,0
62280557777,0
62280557778,0
62280557779,0
41059520876,1
62280557780,0
2719162957,1
62280557776,0
62280557777,0
68179700013,1
62280557778,0
68179699982,1
62280557779,0
68179700110,1
62280557780,0
41059520910,1
41059520816,1
62280557776,0
2719162959,1
62280557777,0
62280557778,0
62280557779,0
62280557780,0
62280557781,0
68179700082,1
41059520943,1
41059520784,1
62280557782,0
2719162835,1
62280557783,0
2719162770,1
62280557784,0
62280557785,0
68179700081,1
62280557786,0
62280557786,0
2719162964,1
62280557786,0
41059520883,1
29078520620,0
68179699986,1
29078520620,0
29078520620,0
29078520621,0
41059520784,1
68179699928,1
41059520876,1
2719162836,1
41059520851,1
2719162961,1
2719162829,1
62280557763,0
62280557762,0
62280557762,0
62280557763,0
2719162917,0
62280557762,0
62280557763,0
62280557764,0
62280557765,0
2719162787,1
2719162949,1
68179700130,1
68179700130,1
41059520964,1
68179700099,1
68179700131,1
43398299604,0
41059520965,1
62280557764,0
2719162917,0
62280557765,0
43398299604,0
62280557764,0
62280557765,0
62280557766,0
62280557767,0
62280557766,0
62280557767,0
62280557766,0
68179700148,1
41059520838,1
68179700102,1
41059520935,1
41059520804,1
41059520837,1
62280557767,0
2719162923,0
41059520804,1
41059520935,1
62280557770,0
62280557768,0
62280557769,0
2719162923,0
2719162955,1
41059520968,1
2719162955,1
68179700041,1
62280557770,0
62280557771,0
62280557772,0
62280557773,0
62280557774,0
62280557775,0
62280557771,0
62280557772,0
62280557773,0
62280557774,0
62280557775,0
62280557771,0
62280557772,0
62280557773,0
62280557774,0
62280557775,0
41059520810,1
41059520875,1
41059520875,1
62280557776,0
62280557777,0
62280557778,0
62280557779,0
41059520908,1
62280557780,0
68179700013,1
62280557776,0
62280557777,0
62280557778,0
62280557779,0
68179700110,1
62280557780,0
68179699982,1
2719162959,1
62280557776,0
62280557777,0
2719162960,1
62280557778,0
62280557779,0
62280557780,0
62280557781,0
2719162770,1
2719162769,1
68179700081,1
41059520949,1
62280557782,0
41059520915,1
62280557783,0
68179700082,1
62280557784,0
41059521008,1
62280557785,0
62280557786,0
62280557786,0
2719162964,1
62280557786,0
41059520915,1
29078520620,0
2719162966,1
2719162834,1
29078520620,0
29078520620,0
29078520621,0
2719162836,1
41059520883,1
2719162967,1
41059520876,1
2719162829,1
62280557763,0
62280557762,0
62280557762,0
62280557763,0
62280557762,0
62280557763,0
62280557764,0
62280557765,0
68179699907,1
68179700130,1
68179700034,1
41059520900,1
41059520899,1
68179699907,1
41059520965,1
43398299604,0
62280557764,0
2719162917,0
62280557765,0
43398299604,0
62280557764,0
2719162917,0
62280557765,0
43398299604,0
62280557764,0
62280557766,0
62280557765,0
62280557767,0
62280557766,0
2719162836,1
68179700101,1
68179700006,1
68179700006,1
2719162983,1
41059520804,1
2719162836,1
62280557767,0
62280557766,0
2719162980,1
41059520967,1
68179700101,1
2719162949,1
62280557767,0
2719162923,0
62280557770,0
68179700102,1
62280557771,0
62280557772,0
62280557773,0
62280557774,0
62280557775,0
62280557771,0
62280557772,0
62280557773,0
62280557774,0
62280557775,0
62280557771,0
62280557772,0
62280557773,0
2719162983,1
2719162795,1
2719162955,1
62280557774,0
2719162955,1
62280557775,0
62280557776,0
62280557777,0
62280557778,0
62280557779,0
62280557780,0
68179699982,1
62280557776,0
68179699982,1
62280557777,0
41059520875,1
62280557778,0
68179700111,1
2719162960,1
62280557779,0
62280557780,0
62280557776,0
62280557777,0
62280557778,0
68179700013,1
68179700082,1
2719162961,1
41059520784,1
62280557779,0
68179699982,1
62280557780,0
41059520915,1
68179699954,1
62280557776,0
62280557777,0
62280557778,0
41059520943,1
62280557779,0
2719162964,1
62280557780,0
68179700082,1
62280557786,0
62280557786,0
62280557786,0
29078520620,0
29078520620,0
2719162964,1
2719162964,1
68179699985,1
2719162961,1
29078520620,0
29078520620,0
41059520851,1
41059520883,1
68179699986,1
41059520883,1
41059520876,1
41059520876,1
62280557762,0
62280557763,0
2719162917,0
62280557762,0
62280557763,0
62280557762,0
62280557763,0
62280557764,0
62280557765,0
2719162850,1
2719162850,1
41059520803,1
41059520964,1
68179699907,1
68179699907,1
43398299604,0
62280557764,0
2719162917,0
62280557765,0
43398299604,0
62280557764,0
62280557766,0
62280557765,0
62280557767,0
62280557766,0
62280557767,0
62280557766,0
41059520935,1
41059520935,1
62280557767,0
2719162923,0
2719162884,1
62280557770,0
2719162923,0
10980916395,1
62280557771,0
62280557772,0
62280557773,0
62280557774,0
62280557775,0
62280557771,0
62280557772,0
62280557773,0
62280557774,0
62280557775,0
62280557771,0
62280557772,0
62280557773,0
62280557774,0
41059520971,1
41059520875,1
62280557775,0
62280557776,0
62280557777,0
62280557778,0
41059520908,1
62280557779,0
62280557780,0
2719162957,1
68179699915,1
62280557776,0
41059521006,1
62280557777,0
62280557778,0
41059520908,1
62280557779,0
41059520943,1
62280557780,0
2719162957,1
62280557776,0
62280557777,0
62280557778,0
2719162961,1
62280557779,0
62280557780,0
41059521006,1
62280557781,0
10980916370,1
41059520816,1
62280557782,0
62280557783,0
41059520851,1
62280557784,0
2719162993,1
62280557785,0
62280557786,0
2719162836,1
62280557786,0
68179699986,1
62280557786,0
29078520620,0
29078520620,0
41059520787,1
29078520620,0
29078520621,0
41059520755,1
68179700122,1
41059520727,1
68179700024,1
41059520813,1
62280557762,0
62280557763,0
62280557762,0
62280557763,0
2719162917,0
62280557762,0
62280557763,0
62280557764,0
62280557765,0
2719162850,1
68179700130,1
41059520867,1
41059520932,1
68179700131,1
68179700099,1
43398299604,0
41059520965,1
62280557764,0
2719162917,0
62280557765,0
43398299604,0
62280557764,0
62280557766,0
62280557765,0
62280557767,0
62280557768,0
62280557766,0
62280557769,0
62280557767,0
62280557766,0
41059520838,1
41059520838,1
41059520935,1
41059520871,1
41059520900,1
68179700041,1
62280557767,0
2719162923,0
41059520804,1
41059520967,1
68179700101,1
62280557770,0
2719162923,0
62280557770,0
62280557771,0
62280557772,0
62280557773,0
62280557774,0
62280557775,0
62280557771,0
62280557772,0
62280557773,0
62280557774,0
62280557775,0
62280557771,0
62280557772,0
62280557773,0
2719162954,1
41059520875,1
62280557774,0
62280557775,0
62280557776,0
62280557777,0
62280557778,0
68179700013,1
62280557779,0
2719162829,1
62280557780,0
68179699982,1
62280557776,0
62280557777,0
68179699915,1
62280557778,0
41059520784,1
62280557779,0
41059520847,1
62280557780,0
62280557776,0
62280557777,0
2719162769,1
62280557778,0
62280557779,0
62280557780,0
68179699982,1
41059520851,1
68179699985,1
62280557781,0
41059521007,1
62280557782,0
62280557783,0
68179699986,1
62280557784,0
2719162960,1
62280557785,0
68179700013,1
62280557786,0
68179699986,1
62280557786,0
41059520851,1
62280557786,0
68179699954,1
29078520620,0
29078520620,0
29078520620,0
29078520621,0
2719162966,1
41059520972,1
41059520821,1
62280557763,0
62280557762,0
2719162917,0
2719162787,1
2719162949,1
68179700034,1
43398299604,0
62280557762,0
62280557763,0
62280557762,0
62280557763,0
2719162917,0
62280557764,0
62280557765,0
62280557764,0
62280557765,0
2719162964,1
2719162850,1
10980916386,1
41059520932,1
68179699907,1
41059520837,1
43398299604,0
62280557764,0
62280557766,0
62280557765,0
62280557767,0
62280557768,0
62280557766,0
62280557767,0
62280557769,0
41059520900,1
62280557766,0
41059520837,1
62280557767,0
2719162923,0
41059520820,1
41059520934,1
68179700006,1
2719162982,1
2719162983,1
41059520967,1
41059520875,1
68179700073,1
62280557770,0
2719162923,0
62280557770,0
62280557771,0
62280557772,0
62280557773,0
62280557774,0
62280557775,0
62280557771,0
62280557772,0
62280557773,0
62280557774,0
62280557775,0
62280557771,0
62280557772,0
62280557773,0
41059520810,1
2719162955,1
62280557774,0
62280557775,0
62280557776,0
62280557777,0
62280557778,0
68179699917,1
62280557779,0
41059520810,1
62280557780,0
41059521070,1
62280557776,0
41059521102,1
62280557777,0
62280557778,0
2719162960,1
62280557779,0
41059520847,1
62280557780,0
62280557776,0
62280557777,0
2719162961,1
62280557778,0
62280557779,0
62280557780,0
41059521006,1
41059520851,1
68179699985,1
62280557781,0
62280557782,0
41059520820,1
62280557783,0
62280557784,0
41059520784,1
62280557785,0
2719162957,1
62280557786,0
68179700082,1
62280557786,0
41059520883,1
62280557786,0
68179699954,1
29078520620,0
29078520620,0
29078520620,0
29078520621,0
2719162966,1
41059520820,1
41059520851,1
2719162968,1
68179700025,1
41059520949,1
2719162957,1
62280557763,0
62280557762,0
62280557762,0
62280557763,0
62280557762,0
62280557763,0
2719162787,1
68179700034,1
68179700130,1
43398299604,0
2719162917,0
43398299604,0
62280557766,0
62280557767,0
62280557764,0
62280557765,0
62280557764,0
62280557765,0
62280557764,0
62280557766,0
62280557765,0
62280557768,0
62280557769,0
41059520820,1
68179700102,1
41059520932,1
68179700102,1
41059521063,1
41059520837,1
62280557767,0
41059520900,1
62280557766,0
2719162964,1
41059520871,1
62280557767,0
62280557766,0
2719162982,1
62280557767,0
2719162923,0
62280557770,0
62280557771,0
62280557772,0
62280557773,0
62280557774,0
62280557775,0
62280557771,0
62280557772,0
62280557773,0
62280557774,0
62280557775,0
62280557771,0
62280557772,0
62280557773,0
41059520871,1
68179699915,1
62280557774,0
68179699915,1
62280557775,0
62280557776,0
62280557777,0
62280557778,0
68179699917,1
62280557779,0
2719162954,1
62280557780,0
62280557776,0
62280557777,0
62280557778,0
2719162959,1
2719162832,1
62280557779,0
41059520847,1
62280557780,0
41059520972,1
62280557776,0
62280557777,0
62280557778,0
62280557779,0
2719162770,1
2719162993,1
62280557780,0
62280557781,0
62280557782,0
68179699986,1
62280557783,0
62280557784,0
62280557785,0
41059520916,1
62280557786,0
62280557786,0
68179700082,1
62280557786,0
29078520620,0
29078520620,0
29078520620,0
2719162995,1
29078520621,0
2719162960,1
41059520820,1
41059520949,1
10980916407,1
41059520972,1
68179700024,1
2719162957,1
62280557762,0
62280557763,0
2719162917,0
62280557762,0
62280557763,0
62280557762,0
62280557763,0
2719162850,1
68179700130,1
68179700034,1
68179699907,1
43398299604,0
2719162917,0
43398299604,0
62280557766,0
62280557767,0
62280557766,0
62280557764,0
62280557765,0
62280557765,0
62280557764,0
62280557765,0
62280557764,0
41059520932,1
41059520967,1
41059520965,1
41059520820,1
62280557767,0
62280557766,0
41059520932,1
62280557767,0
2719162923,0
2719162982,1
41059520772,1
41059520871,1
41059520875,1
62280557770,0
2719162923,0
62280557771,0
62280557772,0
62280557773,0
62280557774,0
62280557775,0
62280557771,0
62280557772,0
62280557773,0
62280557774,0
62280557775,0
62280557771,0
62280557772,0
62280557773,0
62280557774,0
2719162954,1
41059520971,1
2719162795,1
62280557775,0
62280557776,0
62280557777,0
62280557778,0
62280557779,0
68179699917,1
62280557780,0
68179700013,1
68179699915,1
62280557776,0
62280557777,0
62280557778,0
41059520908,1
62280557779,0
41059520911,1
62280557780,0
41059520911,1
68179699917,1
62280557776,0
62280557777,0
62280557778,0
62280557779,0
62280557780,0
2719162770,1
68179699985,1
62280557781,0
68179699982,1
62280557782,0
41059520851,1
62280557783,0
62280557784,0
62280557785,0
62280557786,0
41059520820,1
62280557786,0
62280557786,0
68179699986,1
29078520620,0
2719162961,1
29078520620,0
2719162964,1
29078520620,0
41059520851,1
29078520621,0
41059520890,1
68179699928,1
41059520916,1
2719162957,1
62280557762,0
62280557763,0
2719162917,0
62280557762,0
62280557763,0
62280557762,0
62280557763,0
62280557764,0
62280557765,0
68179700130,1
2719162850,1
41059520964,1
68179700099,1
68179700099,1
43398299604,0
41059520901,1
62280557764,0
2719162917,0
62280557765,0
43398299604,0
62280557766,0
62280557767,0
62280557766,0
62280557767,0
62280557766,0
41059520838,1
41059520902,1
41059520838,1
41059520967,1
41059520871,1
41059520900,1
41059520916,1
10980916453,1
62280557767,0
62280557764,0
62280557765,0
62280557768,0
62280557769,0
2719162923,0
41059520935,1
2719162980,1
68179700101,1
10980916457,1
62280557770,0
2719162923,0
62280557770,0
62280557771,0
62280557772,0
62280557773,0
62280557774,0
62280557775,0
62280557771,0
62280557772,0
62280557773,0
62280557774,0
62280557775,0
62280557771,0
62280557772,0
62280557773,0
2719162954,1
2719162795,1
62280557774,0
62280557775,0
62280557776,0
62280557777,0
62280557778,0
68179700013,1
62280557779,0
68179700013,1
2719162954,1
62280557780,0
68179699982,1
62280557776,0
62280557777,0
10980916427,1
62280557778,0
41059520847,1
62280557779,0
41059520943,1
62280557780,0
62280557776,0
62280557777,0
62280557778,0
62280557779,0
41059521070,1
41059520786,1
62280557780,0
41059520911,1
62280557781,0
62280557782,0
2719162834,1
62280557783,0
62280557784,0
68179700013,1
62280557785,0
62280557786,0
62280557786,0
2719162834,1
62280557786,0
29078520620,0
2719162769,1
29078520620,0
2719162960,1
29078520620,0
29078520621,0
2719162964,1
41059520972,1
10980916409,1
2719162966,1
2719162829,1
62280557763,0
62280557762,0
62280557762,0
62280557763,0
2719162917,0
62280557762,0
62280557763,0
62280557764,0
62280557765,0
68179700099,1
41059520837,1
68179700130,1
68179700130,1
41059520964,1
68179700099,1
68179700099,1
43398299604,0
41059520965,1
62280557764,0
2719162917,0
62280557765,0
43398299604,0
62280557764,0
62280557766,0
62280557765,0
62280557767,0
62280557768,0
62280557766,0
62280557767,0
62280557766,0
2719162964,1
41059520935,1
41059520871,1
41059520900,1
41059520756,1
41059520901,1
62280557767,0
2719162923,0
41059520967,1
68179700101,1
62280557770,0
2719162923,0
62280557769,0
41059520875,1
2719162954,1
41059520875,1
68179700041,1
62280557770,0
62280557771,0
62280557772,0
62280557773,0
62280557774,0
62280557775,0
62280557771,0
62280557772,0
62280557773,0
62280557774,0
62280557775,0
62280557771,0
62280557772,0
62280557773,0
62280557774,0
62280557775,0
68179700139,1
62280557776,0
68179700139,1
62280557777,0
62280557778,0
62280557779,0
62280557780,0
68179700013,1
62280557776,0
2719162957,1
62280557777,0
2719162957,1
62280557778,0
62280557779,0
41059521102,1
62280557780,0
68179699982,1
62280557776,0
2719162832,1
41059520911,1
62280557777,0
62280557778,0
62280557779,0
62280557780,0
62280557781,0
41059520786,1
41059520816,1
41059520943,1
2719162965,1
62280557782,0
41059520851,1
62280557783,0
62280557784,0
68179699985,1
62280557785,0
62280557786,0
62280557786,0
62280557786,0
29078520620,0
41059520786,1
29078520620,0
41059520977,1
29078520620,0
41059520820,1
29078520621,0
2719162995,1
68179700025,1
41059520972,1
2719162960,1
41059520820,1
2719162957,1
62280557761,0
41059520818,0
41059520865,1
62280557761,0
62280557768,0
62280557769,0
62280557768,0
62280557769,0
62280557768,0
62280557769,0
62280557761,0
62280557768,0
62280557769,0
62280557768,0
62280557769,0
62280557768,0
62280557769,0
41059520872,1
68179700072,1
62280557768,0
62280557761,0
62280557761,0
62280557769,0
62280557768,0
62280557761,0
2719162923,0
10980916457,1
62280557769,0
41059520872,1
62280557768,0
62280557770,0
2719162923,0
62280557770,0
68179700041,1
2719162923,0
68179700072,1
62280557770,0
68179700072,1
2719162923,0
41059520897,1
62280557770,0
2719162923,0
62280557769,0
68179700041,1
29078520622,0
29078520622,0
68179700072,1
41059520874,1
41059520875,1
10980916457,1
41059520811,1
29078520622,0
62280557770,0
29078520622,0
41059520811,1
41059520875,1
41059520778,1
41059521102,1
29078520622,0
29078520624,0
62280557770,0
29078520624,0
29078520623,0
29078520623,0
41059520874,1
29078520623,0
41059520778,1
29078520623,0
29078520623,0
29078520622,0
29078520625,0
29078520624,0
29078520625,0
41059520943,1
41059521070,1
29078520624,0
29078520625,0
29078520623,0
41059521070,1
29078520622,0
41059521102,1
2719162986,1
41059520976,1
29078520624,0
41059520943,1
29078520623,0
41059520943,1
29078520622,0
41059520943,1
29078520623,0
29078520622,0
29078520623,0
41059520943,1
29078520625,0
29078520624,0
41059520944,1
29078520625,0
41059520784,1
29078520624,0
29078520625,0
41059520816,1
29078520624,0
2719162993,1
29078520625,0
41059520943,1
41059520784,1
29078520624,0
2719162769,1
29078520625,0
41059520944,1
29078520624,0
29078520625,0
29078520624,0
41059520816,1
29078520625,0
68179700110,1
29078520622,0
29078520623,0
29078520622,0
41059521007,1
29078520623,0
41059520816,1
41059520816,1
29078520622,0
29078520623,0
29078520622,0
2719162993,1
29078520623,0
41059521102,1
41059521007,1
41059520784,1
29078520624,0
2719162993,1
68179699982,1
41059521007,1
29078520625,0
2719162928,0
29078520625,0
2719162928,0
29078520626,0
68179699982,1
2719162928,0
29078520626,0
41059520784,1
2719162928,0
68179699985,1
41059520784,1
29078520626,0
41059520816,1
2719162928,0
29078520626,0
29078520627,0
29078520627,0
29078520627,0
29078520627,0
29078520627,0
29078520628,0
29078520628,0
29078520628,0
29078520628,0
29078520628,0
41059520784,1
41059520787,1
41059520915,1
2719162995,1
2719162928,0
10980916371,1
68179700148,1
2719162964,1
29078520626,0
2719162928,0
2719162964,1
29078520626,0
2719162928,0
29078520626,0
2719162928,0
29078520626,0
2719162928,0
41059520816,1
29078520626,0
62280557781,0
62280557782,0
62280557783,0
62280557784,0
62280557785,0
62280557781,0
62280557782,0
62280557783,0
62280557784,0
62280557785,0
62280557781,0
62280557782,0
2719162837,1
41059520976,1
41059520816,1
2719162966,1
2719162967,1
68179700024,1
2719162837,1
68179699926,1
2719162966,1
62280557783,0
62280557784,0
62280557785,0
62280557781,0
62280557782,0
62280557783,0
62280557784,0
62280557785,0
62280557781,0
62280557782,0
62280557783,0
62280557784,0
62280557785,0
68179700024,1
2719162999,1
62280557781,0
62280557782,0
68179700024,1
2719162837,1
62280557783,0
62280557784,0
62280557785,0
2719162966,1
62280557781,0
2719162965,1
62280557782,0
62280557783,0
2719162999,1
62280557784,0
62280557785,0
62280557781,0
41059520823,1
62280557782,0
62280557783,0
10980916409,1
62280557784,0
62280557785,0
62280557781,0
68179700024,1
62280557782,0
41059520949,1
62280557783,0
68179700025,1
62280557784,0
62280557785,0
29078520629,0
41059520727,1
29078520630,0
68179700024,1
29078520631,0
41059520823,1
29078520632,0
41059520949,1
29078520633,0
29078520629,0
29078520630,0
29078520631,0
29078520632,0
68179700024,1
29078520633,0
2719162967,1
29078520629,0
41059520981,1
29078520630,0
29078520631,0
29078520632,0
2719162967,1
41059520853,1
29078520633,0
68179699928,1
29078520629,0
2719162968,1
29078520630,0
29078520631,0
29078520632,0
29078520633,0
10980916407,1
29078520629,0
41059520822,1
29078520630,0
68179699928,1
68179700053,1
29078520631,0
2719162965,1
29078520632,0
2719162777,1
29078520633,0
29078520629,0
29078520630,0
41059520823,1
68179699926,1
29078520631,0
29078520632,0
68179700024,1
29078520633,0
29078520629,0
29078520630,0
68179700025,1
68179700053,1
2719162966,1
29078520631,0
2719162837,1
29078520632,0
2719162966,1
68179699926,1
29078520633,0
29078520629,0
29078520630,0
29078520631,0
29078520632,0
29078520633,0
29078520629,0
29078520630,0
29078520631,0
29078520632,0
29078520633,0
68179699928,1
68179699928,1
41059520821,1
29078520629,0
29078520630,0
2719162999,1
29078520631,0
29078520632,0
29078520633,0
2719162967,1
29078520629,0
68179700025,1
29078520630,0
41059520823,1
29078520631,0
10980916407,1
29078520632,0
29078520633,0
2719162965,1
29078520629,0
29078520630,0
29078520631,0
29078520632,0
29078520633,0
2719162999,1
41059520949,1
29078520629,0
68179699928,1
29078520630,0
29078520631,0
41059520949,1
29078520632,0
29078520633,0
2719162999,1
29078520634,0
29078520635,0
29078520636,0
68179700024,1
29078520637,0
29078520638,0
29078520634,0
29078520635,0
41059520853,1
68179699928,1
29078520636,0
29078520637,0
29078520638,0
29078520634,0
29078520635,0
10980916439,1
29078520636,0
41059520794,1
29078520637,0
29078520638,0
29078520634,0
2719162940,1
29078520635,0
41059520794,1
29078520636,0
68179700157,1
29078520637,0
68179699965,1
29078520638,0
29078520634,0
68179699995,1
29078520635,0
29078520636,0
29078520637,0
29078520638,0
29078520634,0
29078520635,0
29078520636,0
29078520637,0
29078520638,0
68179699965,1
29078520621,0
29078520621,0
68179699965,1
29078520621,0
29078520621,0
29078520621,0
29078520621,0
29078520621,0
2719162908,1
29078520621,0
41059520794,1
29078520621,0
29078520639,0
68179700062,1
2719162940,1
68179699917,1
2719162957,1
29078520639,0
41059520927,1
29078520639,0
29078520639,0
68179699965,1
29078520639,0
29078520639,0
29078520639,0
29078520639,0
29078520639,0
29078520639,0
29078520639,0
2719162957,1
29078520639,0
68179699917,1
29078520639,0
41059520927,1
29078520640,0
29078520640,0
29078520640,0
29078520640,0
41059520959,1
41059520799,1
41059520959,1
41059520799,1
2719163007,1
41059520991,1
29078520640,0
41059520992,1
29078520640,0
41059520927,1
41059520927,1
41059520927,1
41059520992,1
41059520992,1
41059520960,1
41059520960,1
41059520927,1
62280557768,0
62280557769,0
62280557768,0
62280557769,0
2719162923,0
29078520622,0
29078520623,0
29078520622,0
29078520623,0
41059520872,1
68179700041,1
41059520943,1
62280557770,0
29078520622,0
29078520624,0
29078520623,0
29078520625,0
29078520627,0
29078520624,0
29078520625,0
29078520627,0
29078520628,0
29078520624,0
29078520628,0
29078520625,0
29078520624,0
41059520842,1
41059520784,1
41059520784,1
41059520816,1
41059520784,1
2719162993,1
41059520849,1
41059520883,1
41059521007,1
29078520625,0
2719162928,0
29078520626,0
2719162928,0
29078520626,0
62280557781,0
62280557782,0
62280557783,0
62280557784,0
62280557785,0
62280557781,0
62280557782,0
62280557783,0
62280557784,0
62280557785,0
29078520629,0
68179700081,1
41059520976,1
29078520630,0
29078520631,0
29078520632,0
2719162834,1
29078520633,0
68179699926,1
29078520629,0
29078520630,0
29078520631,0
2719162967,1
29078520632,0
29078520633,0
2719162968,1
41059520853,1
29078520629,0
29078520630,0
29078520631,0
2719162966,1
29078520632,0
68179700024,1
29078520633,0
29078520634,0
29078520635,0
29078520636,0
41059520950,1
29078520637,0
29078520638,0
2719162999,1
29078520634,0
29078520635,0
29078520636,0
29078520637,0
10980916407,1
29078520638,0
10980916409,1
29078520621,0
29078520621,0
2719162908,1
29078520639,0
29078520639,0
29078520639,0
41059520853,1
29078520640,0
29078520640,0
41059520991,1
41059520991,1
2719162814,1
41059520992,1
68179699917,1
41059520959,1
68179699995,1
62280557768,0
62280557769,0
62280557768,0
62280557769,0
62280557768,0
62280557769,0
29078520622,0
29078520623,0
68179700072,1
68179699982,1
10980916457,1
68179700073,1
68179700041,1
62280557770,0
29078520622,0
2719162923,0
29078520623,0
62280557770,0
29078520622,0
29078520624,0
29078520623,0
29078520625,0
29078520627,0
29078520624,0
29078520628,0
29078520625,0
29078520624,0
41059520906,1
2719162955,1
41059520784,1
41059520784,1
41059520883,1
68179700110,1
41059520810,1
2719162964,1
41059521007,1
29078520625,0
2719162928,0
68179699982,1
2719162993,1
41059521039,1
29078520626,0
2719162928,0
41059520976,1
29078520626,0
62280557781,0
62280557782,0
62280557783,0
62280557784,0
62280557785,0
62280557781,0
62280557782,0
62280557783,0
62280557784,0
62280557785,0
62280557781,0
62280557782,0
62280557783,0
2719162834,1
41059520976,1
2719162965,1
62280557784,0
62280557785,0
68179699926,1
29078520629,0
29078520630,0
10980916407,1
41059520853,1
29078520631,0
2719162968,1
29078520632,0
29078520633,0
29078520629,0
29078520630,0
2719162967,1
29078520631,0
29078520632,0
29078520633,0
41059520853,1
29078520629,0
29078520630,0
29078520631,0
2719162968,1
29078520632,0
29078520633,0
29078520634,0
68179699928,1
29078520635,0
29078520636,0
41059520951,1
29078520637,0
29078520638,0
41059520950,1
29078520621,0
29078520621,0
29078520621,0
10980916439,1
29078520639,0
29078520639,0
29078520639,0
29078520640,0
41059520959,1
41059520853,1
68179700013,1
41059520799,1
41059520991,1
68179700013,1
68179699965,1
2719162940,1
41059520992,1
62280557768,0
62280557769,0
62280557768,0
62280557769,0
2719162923,0
29078520622,0
29078520623,0
29078520622,0
29078520623,0
2719162955,1
10980916361,1
68179700041,1
41059520847,1
62280557770,0
41059520943,1
29078520622,0
29078520623,0
29078520624,0
29078520625,0
29078520627,0
29078520624,0
29078520628,0
29078520625,0
29078520624,0
29078520625,0
2719162928,0
41059520970,1
41059520816,1
41059520784,1
2719162961,1
41059521008,1
2719162993,1
68179700081,1
41059520883,1
41059520884,1
29078520626,0
2719162928,0
29078520626,0
2719162928,0
62280557781,0
62280557782,0
62280557783,0
62280557784,0
62280557785,0
62280557781,0
62280557782,0
62280557783,0
62280557784,0
62280557785,0
29078520629,0
29078520630,0
2719162770,1
41059520976,1
29078520631,0
29078520632,0
29078520633,0
41059520725,1
2719162834,1
68179700053,1
29078520629,0
2719162966,1
29078520630,0
29078520631,0
29078520632,0
2719162967,1
29078520633,0
29078520629,0
29078520630,0
68179699928,1
29078520631,0
29078520632,0
2719162966,1
29078520633,0
10980916409,1
29078520634,0
29078520635,0
29078520636,0
29078520637,0
41059520954,1
29078520638,0
29078520634,0
29078520635,0
29078520636,0
29078520637,0
10980916439,1
29078520638,0
68179700025,1
29078520621,0
29078520621,0
2719162908,1
29078520639,0
29078520639,0
29078520639,0
29078520640,0
68179699965,1
29078520640,0
10980916409,1
41059520799,1
41059520954,1
41059520959,1
2719162957,1
41059520764,1
41059520991,1
41059520960,1
68179700157,1
10980916414,1
41059520795,1
62280557768,0
62280557769,0
2719162923,0
41059520811,1
62280557770,0
62280557768,0
62280557769,0
29078520622,0
29078520623,0
29078520622,0
29078520624,0
29078520623,0
29078520622,0
29078520623,0
41059520874,1
68179700072,1
41059521102,1
68179700110,1
41059520784,1
41059520943,1
41059520943,1
29078520625,0
29078520627,0
29078520624,0
29078520625,0
29078520628,0
29078520624,0
29078520627,0
29078520628,0
29078520625,0
2719162928,0
41059521070,1
41059520883,1
29078520626,0
2719162928,0
41059520784,1
41059520816,1
41059520816,1
29078520626,0
2719162928,0
68179700081,1
41059520915,1
41059520816,1
2719162834,1
29078520626,0
62280557781,0
62280557782,0
62280557783,0
62280557784,0
62280557785,0
62280557781,0
62280557782,0
62280557783,0
62280557784,0
62280557785,0
29078520629,0
29078520630,0
29078520631,0
41059520821,1
29078520632,0
29078520633,0
29078520629,0
29078520630,0
2719162967,1
41059520853,1
41059520786,1
29078520631,0
68179700024,1
29078520632,0
29078520633,0
41059520949,1
10980916409,1
29078520629,0
2719162965,1
29078520630,0
29078520631,0
2719162966,1
29078520632,0
29078520633,0
29078520634,0
29078520635,0
68179700024,1
41059520823,1
29078520636,0
29078520637,0
68179700025,1
29078520638,0
2719162968,1
41059520951,1
29078520634,0
29078520635,0
29078520636,0
29078520637,0
29078520638,0
29078520621,0
41059520853,1
29078520621,0
29078520639,0
29078520639,0
2719162966,1
29078520639,0
29078520640,0
29078520640,0
41059520991,1
41059520991,1
2719162908,1
41059521088,1
68179699965,1
41059520795,1
41059520992,1
62280557768,0
62280557769,0
62280557768,0
62280557769,0
2719162923,0
41059520811,1
68179700041,1
10980916457,1
62280557770,0
29078520624,0
29078520625,0
29078520624,0
29078520622,0
29078520623,0
29078520622,0
29078520623,0
29078520622,0
29078520623,0
29078520627,0
29078520628,0
2719162960,1
41059521070,1
41059521070,1
41059520847,1
41059520915,1
29078520625,0
68179700110,1
29078520627,0
29078520624,0
29078520628,0
29078520625,0
10980916372,1
2719162928,0
29078520626,0
2719162928,0
29078520626,0
2719162928,0
41059520916,1
41059520784,1
41059520816,1
41059520849,1
29078520626,0
62280557781,0
62280557782,0
62280557783,0
62280557784,0
62280557785,0
41059520816,1
62280557781,0
62280557782,0
62280557783,0
62280557784,0
62280557785,0
29078520629,0
29078520630,0
2719162770,1
29078520631,0
29078520632,0
68179699986,1
2719162834,1
29078520633,0
41059520821,1
41059521013,1
29078520629,0
29078520630,0
29078520631,0
2719162965,1
29078520632,0
29078520633,0
29078520629,0
29078520630,0
2719162966,1
29078520631,0
29078520632,0
29078520633,0
29078520634,0
29078520635,0
29078520636,0
29078520637,0
29078520638,0
29078520634,0
29078520635,0
41059520853,1
29078520636,0
29078520637,0
10980916409,1
41059520949,1
29078520638,0
29078520621,0
29078520621,0
29078520639,0
29078520639,0
29078520639,0
29078520640,0
41059520959,1
29078520640,0
41059520959,1
68179699995,1
10980916409,1
2719162957,1
10980916477,1
41059520992,1
41059520991,1
62280557768,0
62280557769,0
62280557768,0
62280557769,0
62280557768,0
62280557769,0
29078520622,0
29078520623,0
68179700041,1
41059521070,1
10980916361,1
10980916457,1
10980916457,1
62280557770,0
41059520943,1
2719162923,0
62280557770,0
29078520624,0
29078520625,0
29078520624,0
29078520625,0
29078520623,0
29078520622,0
29078520623,0
29078520622,0
29078520627,0
29078520624,0
29078520628,0
41059520874,1
2719162955,1
2719162960,1
41059520784,1
2719162993,1
41059520784,1
68179700081,1
2719162986,1
68179700110,1
29078520625,0
2719162928,0
41059521039,1
68179699985,1
29078520626,0
41059520816,1
2719162928,0
29078520626,0
62280557781,0
62280557782,0
62280557783,0
62280557784,0
62280557785,0
62280557781,0
62280557782,0
62280557783,0
62280557784,0
62280557785,0
62280557781,0
62280557782,0
62280557783,0
68179699954,1
41059521008,1
2719162965,1
62280557784,0
62280557785,0
29078520629,0
29078520630,0
2719162967,1
68179700082,1
29078520631,0
29078520632,0
29078520633,0
29078520629,0
41059520821,1
29078520630,0
29078520631,0
29078520632,0
2719162966,1
29078520633,0
29078520629,0
2719162967,1
29078520630,0
29078520631,0
29078520632,0
41059520949,1
29078520633,0
29078520634,0
29078520635,0
29078520636,0
41059520727,1
41059520822,1
10980916409,1
29078520637,0
29078520638,0
29078520621,0
29078520621,0
29078520621,0
29078520639,0
29078520639,0
29078520639,0
29078520640,0
41059520959,1
41059520949,1
41059520799,1
68179700025,1
2719162829,1
2719162957,1
41059520960,1
62280557768,0
62280557769,0
2719162923,0
62280557768,0
62280557769,0
29078520622,0
29078520623,0
29078520622,0
29078520623,0
68179699915,1
41059520911,1
62280557770,0
41059520911,1
29078520624,0
29078520625,0
29078520624,0
29078520625,0
29078520624,0
29078520625,0
2719162928,0
29078520622,0
29078520623,0
29078520627,0
29078520628,0
41059520810,1
41059520784,1
41059520784,1
2719162961,1
41059521008,1
41059520849,1
41059520849,1
41059520915,1
68179699982,1
41059520884,1
29078520626,0
2719162928,0
29078520626,0
2719162928,0
62280557781,0
62280557782,0
62280557783,0
62280557784,0
62280557785,0
62280557781,0
62280557782,0
62280557783,0
62280557784,0
62280557785,0
29078520629,0
29078520630,0
68179700082,1
41059520816,1
29078520631,0
29078520632,0
29078520633,0
41059520821,1
68179700082,1
41059520821,1
29078520629,0
68179699926,1
29078520630,0
29078520631,0
29078520632,0
2719162967,1
29078520633,0
10980916407,1
29078520629,0
41059520981,1
29078520630,0
2719162968,1
29078520631,0
29078520632,0
29078520633,0
41059520821,1
10980916409,1
29078520634,0
29078520635,0
10980916407,1
29078520636,0
29078520637,0
29078520638,0
41059521045,1
29078520634,0
29078520635,0
29078520636,0
29078520637,0
29078520638,0
29078520621,0
29078520621,0
41059520727,1
10980916409,1
29078520639,0
68179699995,1
29078520639,0
29078520639,0
29078520640,0
2719162940,1
29078520640,0
10980916409,1
41059520795,1
10980916477,1
2719162940,1
41059520928,1
62280557768,0
62280557769,0
2719162923,0
62280557768,0
62280557769,0
29078520622,0
29078520623,0
29078520622,0
29078520623,0
10980916456,1
2719162955,1
41059521070,1
68179700110,1
10980916361,1
41059520943,1
62280557770,0
41059520943,1
29078520622,0
29078520624,0
29078520623,0
29078520625,0
29078520627,0
29078520624,0
29078520628,0
29078520625,0
29078520624,0
29078520625,0
2719162928,0
41059520810,1
2719162960,1
41059520976,1
41059521009,1
41059520816,1
68179700081,1
41059520884,1
41059520911,1
29078520626,0
2719162928,0
29078520626,0
29078520627,0
29078520628,0
2719162928,0
2719162770,1
41059520816,1
41059520915,1
41059521008,1
29078520626,0
2719162770,1
62280557781,0
62280557782,0
62280557783,0
62280557784,0
62280557785,0
62280557781,0
62280557782,0
62280557783,0
62280557784,0
62280557785,0
29078520629,0
29078520630,0
29078520631,0
29078520632,0
29078520633,0
68179699986,1
29078520629,0
41059520981,1
29078520630,0
68179699926,1
29078520631,0
29078520632,0
29078520633,0
2719162999,1
41059520823,1
29078520629,0
29078520630,0
29078520631,0
29078520632,0
68179700024,1
29078520633,0
2719162968,1
10980916409,1
29078520634,0
29078520635,0
41059520853,1
29078520636,0
29078520637,0
29078520638,0
29078520634,0
10980916409,1
29078520635,0
29078520636,0
29078520637,0
29078520638,0
29078520621,0
29078520621,0
68179700025,1
29078520639,0
68179700024,1
29078520639,0
2719162940,1
29078520639,0
29078520640,0
29078520640,0
2719162940,1
68179700157,1
41059520927,1
41059520949,1
68179700157,1
41059520734,1
41059520992,1
41059520992,1
41059520927,1
41059520813,1
41059520877,1
62280557768,0
62280557769,0
62280557768,0
62280557769,0
2719162923,0
29078520622,0
29078520623,0
29078520622,0
29078520623,0
41059520872,1
41059521070,1
68179700041,1
41059521102,1
10980916457,1
41059520847,1
62280557770,0
29078520622,0
29078520624,0
29078520623,0
29078520625,0
29078520627,0
29078520624,0
29078520625,0
29078520628,0
29078520624,0
29078520627,0
29078520628,0
29078520625,0
2719162928,0
41059520784,1
2719162960,1
41059520784,1
41059520784,1
2719162993,1
68179700110,1
41059520884,1
41059520820,1
41059521007,1
29078520626,0
2719162928,0
29078520626,0
2719162928,0
29078520626,0
62280557781,0
62280557782,0
62280557783,0
62280557784,0
62280557785,0
62280557781,0
62280557782,0
62280557783,0
62280557784,0
62280557785,0
29078520629,0
2719162834,1
41059520784,1
41059520816,1
29078520630,0
29078520631,0
29078520632,0
2719162837,1
68179700082,1
2719162834,1
29078520633,0
29078520629,0
29078520630,0
41059521013,1
29078520631,0
29078520632,0
41059520822,1
29078520633,0
29078520629,0
29078520630,0
29078520631,0
29078520632,0
41059520853,1
29078520633,0
29078520634,0
29078520635,0
29078520636,0
10980916407,1
68179699926,1
68179700025,1
29078520637,0
10980916409,1
29078520638,0
41059520920,1
10980916407,1
29078520634,0
29078520635,0
29078520636,0
29078520637,0
41059520727,1
29078520638,0
29078520621,0
29078520621,0
2719162940,1
29078520639,0
29078520639,0
68179699926,1
29078520639,0
41059520949,1
29078520640,0
29078520640,0
41059520766,1
41059520927,1
2719162957,1
41059520813,1
2719162940,1
68179699965,1
41059520992,1
62280557768,0
62280557769,0
62280557768,0
62280557769,0
62280557768,0
62280557769,0
29078520622,0
29078520623,0
41059520872,1
10980916361,1
41059521102,1
10980916457,1
10980916457,1
62280557770,0
41059520911,1
29078520622,0
2719162923,0
29078520623,0
62280557770,0
29078520622,0
29078520624,0
29078520623,0
29078520625,0
29078520627,0
29078520624,0
29078520628,0
29078520625,0
29078520624,0
41059520874,1
41059520944,1
41059520816,1
41059520816,1
2719162961,1
41059520851,1
